10 800 600 800
600 800 600 2000
700 800 700 2000
700 800 1200 800
1200 800 1700 2000
550 50 1500 700
1500 700 2000 2000
250 500 250 600
450 500 450 600
250 500 450 500
250 600 450 600
250 500 450 600
100 100 200 100
200 100 300 300
300 300 100 100
300 300 290 150
10 2800 600 2800
600 4000 600 2800
700 4000 700 2800
700 2800 1200 2800
1200 4000 1700 2800
550 2700 1500 2050
1500 4000 2000 2700
250 2600 250 2500
450 2600 450 2500
250 2500 450 2500
250 2600 450 2600
250 2600 450 2500
100 2100 200 2100
200 2300 300 2100
300 2100 100 2300
300 2150 290 2300
10 4800 600 4800
600 6000 600 4800
700 6000 700 4800
700 4800 1200 4800
1200 6000 1700 4800
550 4700 1500 4050
1500 6000 2000 4700
250 4600 250 4500
450 4600 450 4500
250 4500 450 4500
250 4600 450 4600
250 4600 450 4500
100 4100 200 4100
200 4300 300 4100
300 4100 100 4300
300 4150 290 4300
10 6800 600 6800
600 6800 600 8000
700 6800 700 8000
700 6800 1200 6800
1200 6800 1700 8000
550 6050 1500 6700
1500 6700 2000 8000
250 6500 250 6600
450 6500 450 6600
250 6500 450 6500
250 6600 450 6600
250 6500 450 6600
100 6100 200 6100
200 6100 300 6300
300 6300 100 6100
300 6300 290 6150
600 8800 10 8800
600 10000 600 8800
700 10000 700 8800
1200 8800 700 8800
1700 10000 1200 8800
1500 8700 550 8050
2000 10000 1500 8700
250 8600 250 8500
450 8600 450 8500
450 8500 250 8500
450 8600 250 8600
450 8600 250 8500
200 8100 100 8100
300 8300 200 8100
100 8100 300 8300
290 8150 300 8300
10 10800 600 10800
600 12000 600 10800
700 12000 700 10800
700 10800 1200 10800
1200 12000 1700 10800
550 10700 1500 10050
1500 12000 2000 10700
250 10600 250 10500
450 10600 450 10500
250 10500 450 10500
250 10600 450 10600
250 10600 450 10500
100 10100 200 10100
200 10300 300 10100
300 10100 100 10300
300 10150 290 10300
10 12800 600 12800
600 14000 600 12800
700 14000 700 12800
700 12800 1200 12800
1200 14000 1700 12800
550 12700 1500 12050
1500 14000 2000 12700
250 12600 250 12500
450 12600 450 12500
250 12500 450 12500
250 12600 450 12600
250 12600 450 12500
100 12100 200 12100
200 12300 300 12100
300 12100 100 12300
300 12150 290 12300
600 14800 10 14800
600 14800 600 16000
700 14800 700 16000
1200 14800 700 14800
1700 14800 1200 16000
1500 14050 550 14700
2000 14700 1500 16000
250 14500 250 14600
450 14500 450 14600
450 14500 250 14500
450 14600 250 14600
450 14500 250 14600
200 14100 100 14100
300 14100 200 14300
100 14300 300 14100
290 14300 300 14150
600 16800 10 16800
600 16800 600 18000
700 16800 700 18000
1200 16800 700 16800
1700 16800 1200 18000
1500 16050 550 16700
2000 16700 1500 18000
250 16500 250 16600
450 16500 450 16600
450 16500 250 16500
450 16600 250 16600
450 16500 250 16600
200 16100 100 16100
300 16100 200 16300
100 16300 300 16100
290 16300 300 16150
10 18800 600 18800
600 18800 600 20000
700 18800 700 20000
700 18800 1200 18800
1200 18800 1700 20000
550 18050 1500 18700
1500 18700 2000 20000
250 18500 250 18600
450 18500 450 18600
250 18500 450 18500
250 18600 450 18600
250 18500 450 18600
100 18100 200 18100
200 18100 300 18300
300 18300 100 18100
300 18300 290 18150
10 20800 600 20800
600 20800 600 22000
700 20800 700 22000
700 20800 1200 20800
1200 20800 1700 22000
550 20050 1500 20700
1500 20700 2000 22000
250 20500 250 20600
450 20500 450 20600
250 20500 450 20500
250 20600 450 20600
250 20500 450 20600
100 20100 200 20100
200 20100 300 20300
300 20300 100 20100
300 20300 290 20150
2010 800 2600 800
2600 800 2600 2000
2700 800 2700 2000
2700 800 3200 800
3200 800 3700 2000
2550 50 3500 700
3500 700 4000 2000
2250 500 2250 600
2450 500 2450 600
2250 500 2450 500
2250 600 2450 600
2250 500 2450 600
2100 100 2200 100
2200 100 2300 300
2300 300 2100 100
2300 300 2290 150
2010 2800 2600 2800
2600 2800 2600 4000
2700 2800 2700 4000
2700 2800 3200 2800
3200 2800 3700 4000
2550 2050 3500 2700
3500 2700 4000 4000
2250 2500 2250 2600
2450 2500 2450 2600
2250 2500 2450 2500
2250 2600 2450 2600
2250 2500 2450 2600
2100 2100 2200 2100
2200 2100 2300 2300
2300 2300 2100 2100
2300 2300 2290 2150
2010 4800 2600 4800
2600 6000 2600 4800
2700 6000 2700 4800
2700 4800 3200 4800
3200 6000 3700 4800
2550 4700 3500 4050
3500 6000 4000 4700
2250 4600 2250 4500
2450 4600 2450 4500
2250 4500 2450 4500
2250 4600 2450 4600
2250 4600 2450 4500
2100 4100 2200 4100
2200 4300 2300 4100
2300 4100 2100 4300
2300 4150 2290 4300
2010 6800 2600 6800
2600 6800 2600 8000
2700 6800 2700 8000
2700 6800 3200 6800
3200 6800 3700 8000
2550 6050 3500 6700
3500 6700 4000 8000
2250 6500 2250 6600
2450 6500 2450 6600
2250 6500 2450 6500
2250 6600 2450 6600
2250 6500 2450 6600
2100 6100 2200 6100
2200 6100 2300 6300
2300 6300 2100 6100
2300 6300 2290 6150
2600 8800 2010 8800
2600 10000 2600 8800
2700 10000 2700 8800
3200 8800 2700 8800
3700 10000 3200 8800
3500 8700 2550 8050
4000 10000 3500 8700
2250 8600 2250 8500
2450 8600 2450 8500
2450 8500 2250 8500
2450 8600 2250 8600
2450 8600 2250 8500
2200 8100 2100 8100
2300 8300 2200 8100
2100 8100 2300 8300
2290 8150 2300 8300
2010 10800 2600 10800
2600 12000 2600 10800
2700 12000 2700 10800
2700 10800 3200 10800
3200 12000 3700 10800
2550 10700 3500 10050
3500 12000 4000 10700
2250 10600 2250 10500
2450 10600 2450 10500
2250 10500 2450 10500
2250 10600 2450 10600
2250 10600 2450 10500
2100 10100 2200 10100
2200 10300 2300 10100
2300 10100 2100 10300
2300 10150 2290 10300
2600 12800 2010 12800
2600 14000 2600 12800
2700 14000 2700 12800
3200 12800 2700 12800
3700 14000 3200 12800
3500 12700 2550 12050
4000 14000 3500 12700
2250 12600 2250 12500
2450 12600 2450 12500
2450 12500 2250 12500
2450 12600 2250 12600
2450 12600 2250 12500
2200 12100 2100 12100
2300 12300 2200 12100
2100 12100 2300 12300
2290 12150 2300 12300
2010 14800 2600 14800
2600 16000 2600 14800
2700 16000 2700 14800
2700 14800 3200 14800
3200 16000 3700 14800
2550 14700 3500 14050
3500 16000 4000 14700
2250 14600 2250 14500
2450 14600 2450 14500
2250 14500 2450 14500
2250 14600 2450 14600
2250 14600 2450 14500
2100 14100 2200 14100
2200 14300 2300 14100
2300 14100 2100 14300
2300 14150 2290 14300
2600 16800 2010 16800
2600 16800 2600 18000
2700 16800 2700 18000
3200 16800 2700 16800
3700 16800 3200 18000
3500 16050 2550 16700
4000 16700 3500 18000
2250 16500 2250 16600
2450 16500 2450 16600
2450 16500 2250 16500
2450 16600 2250 16600
2450 16500 2250 16600
2200 16100 2100 16100
2300 16100 2200 16300
2100 16300 2300 16100
2290 16300 2300 16150
2010 18800 2600 18800
2600 18800 2600 20000
2700 18800 2700 20000
2700 18800 3200 18800
3200 18800 3700 20000
2550 18050 3500 18700
3500 18700 4000 20000
2250 18500 2250 18600
2450 18500 2450 18600
2250 18500 2450 18500
2250 18600 2450 18600
2250 18500 2450 18600
2100 18100 2200 18100
2200 18100 2300 18300
2300 18300 2100 18100
2300 18300 2290 18150
2010 20800 2600 20800
2600 20800 2600 22000
2700 20800 2700 22000
2700 20800 3200 20800
3200 20800 3700 22000
2550 20050 3500 20700
3500 20700 4000 22000
2250 20500 2250 20600
2450 20500 2450 20600
2250 20500 2450 20500
2250 20600 2450 20600
2250 20500 2450 20600
2100 20100 2200 20100
2200 20100 2300 20300
2300 20300 2100 20100
2300 20300 2290 20150
4600 800 4010 800
4600 2000 4600 800
4700 2000 4700 800
5200 800 4700 800
5700 2000 5200 800
5500 700 4550 50
6000 2000 5500 700
4250 600 4250 500
4450 600 4450 500
4450 500 4250 500
4450 600 4250 600
4450 600 4250 500
4200 100 4100 100
4300 300 4200 100
4100 100 4300 300
4290 150 4300 300
4010 2800 4600 2800
4600 4000 4600 2800
4700 4000 4700 2800
4700 2800 5200 2800
5200 4000 5700 2800
4550 2700 5500 2050
5500 4000 6000 2700
4250 2600 4250 2500
4450 2600 4450 2500
4250 2500 4450 2500
4250 2600 4450 2600
4250 2600 4450 2500
4100 2100 4200 2100
4200 2300 4300 2100
4300 2100 4100 2300
4300 2150 4290 2300
4600 4800 4010 4800
4600 6000 4600 4800
4700 6000 4700 4800
5200 4800 4700 4800
5700 6000 5200 4800
5500 4700 4550 4050
6000 6000 5500 4700
4250 4600 4250 4500
4450 4600 4450 4500
4450 4500 4250 4500
4450 4600 4250 4600
4450 4600 4250 4500
4200 4100 4100 4100
4300 4300 4200 4100
4100 4100 4300 4300
4290 4150 4300 4300
4010 6800 4600 6800
4600 6800 4600 8000
4700 6800 4700 8000
4700 6800 5200 6800
5200 6800 5700 8000
4550 6050 5500 6700
5500 6700 6000 8000
4250 6500 4250 6600
4450 6500 4450 6600
4250 6500 4450 6500
4250 6600 4450 6600
4250 6500 4450 6600
4100 6100 4200 6100
4200 6100 4300 6300
4300 6300 4100 6100
4300 6300 4290 6150
4010 8800 4600 8800
4600 8800 4600 10000
4700 8800 4700 10000
4700 8800 5200 8800
5200 8800 5700 10000
4550 8050 5500 8700
5500 8700 6000 10000
4250 8500 4250 8600
4450 8500 4450 8600
4250 8500 4450 8500
4250 8600 4450 8600
4250 8500 4450 8600
4100 8100 4200 8100
4200 8100 4300 8300
4300 8300 4100 8100
4300 8300 4290 8150
4010 10800 4600 10800
4600 10800 4600 12000
4700 10800 4700 12000
4700 10800 5200 10800
5200 10800 5700 12000
4550 10050 5500 10700
5500 10700 6000 12000
4250 10500 4250 10600
4450 10500 4450 10600
4250 10500 4450 10500
4250 10600 4450 10600
4250 10500 4450 10600
4100 10100 4200 10100
4200 10100 4300 10300
4300 10300 4100 10100
4300 10300 4290 10150
4600 12800 4010 12800
4600 14000 4600 12800
4700 14000 4700 12800
5200 12800 4700 12800
5700 14000 5200 12800
5500 12700 4550 12050
6000 14000 5500 12700
4250 12600 4250 12500
4450 12600 4450 12500
4450 12500 4250 12500
4450 12600 4250 12600
4450 12600 4250 12500
4200 12100 4100 12100
4300 12300 4200 12100
4100 12100 4300 12300
4290 12150 4300 12300
4010 14800 4600 14800
4600 14800 4600 16000
4700 14800 4700 16000
4700 14800 5200 14800
5200 14800 5700 16000
4550 14050 5500 14700
5500 14700 6000 16000
4250 14500 4250 14600
4450 14500 4450 14600
4250 14500 4450 14500
4250 14600 4450 14600
4250 14500 4450 14600
4100 14100 4200 14100
4200 14100 4300 14300
4300 14300 4100 14100
4300 14300 4290 14150
4010 16800 4600 16800
4600 18000 4600 16800
4700 18000 4700 16800
4700 16800 5200 16800
5200 18000 5700 16800
4550 16700 5500 16050
5500 18000 6000 16700
4250 16600 4250 16500
4450 16600 4450 16500
4250 16500 4450 16500
4250 16600 4450 16600
4250 16600 4450 16500
4100 16100 4200 16100
4200 16300 4300 16100
4300 16100 4100 16300
4300 16150 4290 16300
4010 18800 4600 18800
4600 18800 4600 20000
4700 18800 4700 20000
4700 18800 5200 18800
5200 18800 5700 20000
4550 18050 5500 18700
5500 18700 6000 20000
4250 18500 4250 18600
4450 18500 4450 18600
4250 18500 4450 18500
4250 18600 4450 18600
4250 18500 4450 18600
4100 18100 4200 18100
4200 18100 4300 18300
4300 18300 4100 18100
4300 18300 4290 18150
4600 20800 4010 20800
4600 22000 4600 20800
4700 22000 4700 20800
5200 20800 4700 20800
5700 22000 5200 20800
5500 20700 4550 20050
6000 22000 5500 20700
4250 20600 4250 20500
4450 20600 4450 20500
4450 20500 4250 20500
4450 20600 4250 20600
4450 20600 4250 20500
4200 20100 4100 20100
4300 20300 4200 20100
4100 20100 4300 20300
4290 20150 4300 20300
6010 800 6600 800
6600 2000 6600 800
6700 2000 6700 800
6700 800 7200 800
7200 2000 7700 800
6550 700 7500 50
7500 2000 8000 700
6250 600 6250 500
6450 600 6450 500
6250 500 6450 500
6250 600 6450 600
6250 600 6450 500
6100 100 6200 100
6200 300 6300 100
6300 100 6100 300
6300 150 6290 300
6010 2800 6600 2800
6600 2800 6600 4000
6700 2800 6700 4000
6700 2800 7200 2800
7200 2800 7700 4000
6550 2050 7500 2700
7500 2700 8000 4000
6250 2500 6250 2600
6450 2500 6450 2600
6250 2500 6450 2500
6250 2600 6450 2600
6250 2500 6450 2600
6100 2100 6200 2100
6200 2100 6300 2300
6300 2300 6100 2100
6300 2300 6290 2150
6010 4800 6600 4800
6600 4800 6600 6000
6700 4800 6700 6000
6700 4800 7200 4800
7200 4800 7700 6000
6550 4050 7500 4700
7500 4700 8000 6000
6250 4500 6250 4600
6450 4500 6450 4600
6250 4500 6450 4500
6250 4600 6450 4600
6250 4500 6450 4600
6100 4100 6200 4100
6200 4100 6300 4300
6300 4300 6100 4100
6300 4300 6290 4150
6010 6800 6600 6800
6600 8000 6600 6800
6700 8000 6700 6800
6700 6800 7200 6800
7200 8000 7700 6800
6550 6700 7500 6050
7500 8000 8000 6700
6250 6600 6250 6500
6450 6600 6450 6500
6250 6500 6450 6500
6250 6600 6450 6600
6250 6600 6450 6500
6100 6100 6200 6100
6200 6300 6300 6100
6300 6100 6100 6300
6300 6150 6290 6300
6600 8800 6010 8800
6600 8800 6600 10000
6700 8800 6700 10000
7200 8800 6700 8800
7700 8800 7200 10000
7500 8050 6550 8700
8000 8700 7500 10000
6250 8500 6250 8600
6450 8500 6450 8600
6450 8500 6250 8500
6450 8600 6250 8600
6450 8500 6250 8600
6200 8100 6100 8100
6300 8100 6200 8300
6100 8300 6300 8100
6290 8300 6300 8150
6600 10800 6010 10800
6600 12000 6600 10800
6700 12000 6700 10800
7200 10800 6700 10800
7700 12000 7200 10800
7500 10700 6550 10050
8000 12000 7500 10700
6250 10600 6250 10500
6450 10600 6450 10500
6450 10500 6250 10500
6450 10600 6250 10600
6450 10600 6250 10500
6200 10100 6100 10100
6300 10300 6200 10100
6100 10100 6300 10300
6290 10150 6300 10300
6600 12800 6010 12800
6600 14000 6600 12800
6700 14000 6700 12800
7200 12800 6700 12800
7700 14000 7200 12800
7500 12700 6550 12050
8000 14000 7500 12700
6250 12600 6250 12500
6450 12600 6450 12500
6450 12500 6250 12500
6450 12600 6250 12600
6450 12600 6250 12500
6200 12100 6100 12100
6300 12300 6200 12100
6100 12100 6300 12300
6290 12150 6300 12300
6010 14800 6600 14800
6600 14800 6600 16000
6700 14800 6700 16000
6700 14800 7200 14800
7200 14800 7700 16000
6550 14050 7500 14700
7500 14700 8000 16000
6250 14500 6250 14600
6450 14500 6450 14600
6250 14500 6450 14500
6250 14600 6450 14600
6250 14500 6450 14600
6100 14100 6200 14100
6200 14100 6300 14300
6300 14300 6100 14100
6300 14300 6290 14150
6010 16800 6600 16800
6600 16800 6600 18000
6700 16800 6700 18000
6700 16800 7200 16800
7200 16800 7700 18000
6550 16050 7500 16700
7500 16700 8000 18000
6250 16500 6250 16600
6450 16500 6450 16600
6250 16500 6450 16500
6250 16600 6450 16600
6250 16500 6450 16600
6100 16100 6200 16100
6200 16100 6300 16300
6300 16300 6100 16100
6300 16300 6290 16150
6600 18800 6010 18800
6600 20000 6600 18800
6700 20000 6700 18800
7200 18800 6700 18800
7700 20000 7200 18800
7500 18700 6550 18050
8000 20000 7500 18700
6250 18600 6250 18500
6450 18600 6450 18500
6450 18500 6250 18500
6450 18600 6250 18600
6450 18600 6250 18500
6200 18100 6100 18100
6300 18300 6200 18100
6100 18100 6300 18300
6290 18150 6300 18300
6600 20800 6010 20800
6600 20800 6600 22000
6700 20800 6700 22000
7200 20800 6700 20800
7700 20800 7200 22000
7500 20050 6550 20700
8000 20700 7500 22000
6250 20500 6250 20600
6450 20500 6450 20600
6450 20500 6250 20500
6450 20600 6250 20600
6450 20500 6250 20600
6200 20100 6100 20100
6300 20100 6200 20300
6100 20300 6300 20100
6290 20300 6300 20150
8600 800 8010 800
8600 2000 8600 800
8700 2000 8700 800
9200 800 8700 800
9700 2000 9200 800
9500 700 8550 50
10000 2000 9500 700
8250 600 8250 500
8450 600 8450 500
8450 500 8250 500
8450 600 8250 600
8450 600 8250 500
8200 100 8100 100
8300 300 8200 100
8100 100 8300 300
8290 150 8300 300
8010 2800 8600 2800
8600 4000 8600 2800
8700 4000 8700 2800
8700 2800 9200 2800
9200 4000 9700 2800
8550 2700 9500 2050
9500 4000 10000 2700
8250 2600 8250 2500
8450 2600 8450 2500
8250 2500 8450 2500
8250 2600 8450 2600
8250 2600 8450 2500
8100 2100 8200 2100
8200 2300 8300 2100
8300 2100 8100 2300
8300 2150 8290 2300
8010 4800 8600 4800
8600 4800 8600 6000
8700 4800 8700 6000
8700 4800 9200 4800
9200 4800 9700 6000
8550 4050 9500 4700
9500 4700 10000 6000
8250 4500 8250 4600
8450 4500 8450 4600
8250 4500 8450 4500
8250 4600 8450 4600
8250 4500 8450 4600
8100 4100 8200 4100
8200 4100 8300 4300
8300 4300 8100 4100
8300 4300 8290 4150
8010 6800 8600 6800
8600 8000 8600 6800
8700 8000 8700 6800
8700 6800 9200 6800
9200 8000 9700 6800
8550 6700 9500 6050
9500 8000 10000 6700
8250 6600 8250 6500
8450 6600 8450 6500
8250 6500 8450 6500
8250 6600 8450 6600
8250 6600 8450 6500
8100 6100 8200 6100
8200 6300 8300 6100
8300 6100 8100 6300
8300 6150 8290 6300
8600 8800 8010 8800
8600 10000 8600 8800
8700 10000 8700 8800
9200 8800 8700 8800
9700 10000 9200 8800
9500 8700 8550 8050
10000 10000 9500 8700
8250 8600 8250 8500
8450 8600 8450 8500
8450 8500 8250 8500
8450 8600 8250 8600
8450 8600 8250 8500
8200 8100 8100 8100
8300 8300 8200 8100
8100 8100 8300 8300
8290 8150 8300 8300
8600 10800 8010 10800
8600 10800 8600 12000
8700 10800 8700 12000
9200 10800 8700 10800
9700 10800 9200 12000
9500 10050 8550 10700
10000 10700 9500 12000
8250 10500 8250 10600
8450 10500 8450 10600
8450 10500 8250 10500
8450 10600 8250 10600
8450 10500 8250 10600
8200 10100 8100 10100
8300 10100 8200 10300
8100 10300 8300 10100
8290 10300 8300 10150
8600 12800 8010 12800
8600 14000 8600 12800
8700 14000 8700 12800
9200 12800 8700 12800
9700 14000 9200 12800
9500 12700 8550 12050
10000 14000 9500 12700
8250 12600 8250 12500
8450 12600 8450 12500
8450 12500 8250 12500
8450 12600 8250 12600
8450 12600 8250 12500
8200 12100 8100 12100
8300 12300 8200 12100
8100 12100 8300 12300
8290 12150 8300 12300
8010 14800 8600 14800
8600 14800 8600 16000
8700 14800 8700 16000
8700 14800 9200 14800
9200 14800 9700 16000
8550 14050 9500 14700
9500 14700 10000 16000
8250 14500 8250 14600
8450 14500 8450 14600
8250 14500 8450 14500
8250 14600 8450 14600
8250 14500 8450 14600
8100 14100 8200 14100
8200 14100 8300 14300
8300 14300 8100 14100
8300 14300 8290 14150
8010 16800 8600 16800
8600 18000 8600 16800
8700 18000 8700 16800
8700 16800 9200 16800
9200 18000 9700 16800
8550 16700 9500 16050
9500 18000 10000 16700
8250 16600 8250 16500
8450 16600 8450 16500
8250 16500 8450 16500
8250 16600 8450 16600
8250 16600 8450 16500
8100 16100 8200 16100
8200 16300 8300 16100
8300 16100 8100 16300
8300 16150 8290 16300
8010 18800 8600 18800
8600 20000 8600 18800
8700 20000 8700 18800
8700 18800 9200 18800
9200 20000 9700 18800
8550 18700 9500 18050
9500 20000 10000 18700
8250 18600 8250 18500
8450 18600 8450 18500
8250 18500 8450 18500
8250 18600 8450 18600
8250 18600 8450 18500
8100 18100 8200 18100
8200 18300 8300 18100
8300 18100 8100 18300
8300 18150 8290 18300
8010 20800 8600 20800
8600 22000 8600 20800
8700 22000 8700 20800
8700 20800 9200 20800
9200 22000 9700 20800
8550 20700 9500 20050
9500 22000 10000 20700
8250 20600 8250 20500
8450 20600 8450 20500
8250 20500 8450 20500
8250 20600 8450 20600
8250 20600 8450 20500
8100 20100 8200 20100
8200 20300 8300 20100
8300 20100 8100 20300
8300 20150 8290 20300
10010 800 10600 800
10600 2000 10600 800
10700 2000 10700 800
10700 800 11200 800
11200 2000 11700 800
10550 700 11500 50
11500 2000 12000 700
10250 600 10250 500
10450 600 10450 500
10250 500 10450 500
10250 600 10450 600
10250 600 10450 500
10100 100 10200 100
10200 300 10300 100
10300 100 10100 300
10300 150 10290 300
10600 2800 10010 2800
10600 2800 10600 4000
10700 2800 10700 4000
11200 2800 10700 2800
11700 2800 11200 4000
11500 2050 10550 2700
12000 2700 11500 4000
10250 2500 10250 2600
10450 2500 10450 2600
10450 2500 10250 2500
10450 2600 10250 2600
10450 2500 10250 2600
10200 2100 10100 2100
10300 2100 10200 2300
10100 2300 10300 2100
10290 2300 10300 2150
10600 4800 10010 4800
10600 4800 10600 6000
10700 4800 10700 6000
11200 4800 10700 4800
11700 4800 11200 6000
11500 4050 10550 4700
12000 4700 11500 6000
10250 4500 10250 4600
10450 4500 10450 4600
10450 4500 10250 4500
10450 4600 10250 4600
10450 4500 10250 4600
10200 4100 10100 4100
10300 4100 10200 4300
10100 4300 10300 4100
10290 4300 10300 4150
10600 6800 10010 6800
10600 8000 10600 6800
10700 8000 10700 6800
11200 6800 10700 6800
11700 8000 11200 6800
11500 6700 10550 6050
12000 8000 11500 6700
10250 6600 10250 6500
10450 6600 10450 6500
10450 6500 10250 6500
10450 6600 10250 6600
10450 6600 10250 6500
10200 6100 10100 6100
10300 6300 10200 6100
10100 6100 10300 6300
10290 6150 10300 6300
10010 8800 10600 8800
10600 8800 10600 10000
10700 8800 10700 10000
10700 8800 11200 8800
11200 8800 11700 10000
10550 8050 11500 8700
11500 8700 12000 10000
10250 8500 10250 8600
10450 8500 10450 8600
10250 8500 10450 8500
10250 8600 10450 8600
10250 8500 10450 8600
10100 8100 10200 8100
10200 8100 10300 8300
10300 8300 10100 8100
10300 8300 10290 8150
10600 10800 10010 10800
10600 12000 10600 10800
10700 12000 10700 10800
11200 10800 10700 10800
11700 12000 11200 10800
11500 10700 10550 10050
12000 12000 11500 10700
10250 10600 10250 10500
10450 10600 10450 10500
10450 10500 10250 10500
10450 10600 10250 10600
10450 10600 10250 10500
10200 10100 10100 10100
10300 10300 10200 10100
10100 10100 10300 10300
10290 10150 10300 10300
10010 12800 10600 12800
10600 14000 10600 12800
10700 14000 10700 12800
10700 12800 11200 12800
11200 14000 11700 12800
10550 12700 11500 12050
11500 14000 12000 12700
10250 12600 10250 12500
10450 12600 10450 12500
10250 12500 10450 12500
10250 12600 10450 12600
10250 12600 10450 12500
10100 12100 10200 12100
10200 12300 10300 12100
10300 12100 10100 12300
10300 12150 10290 12300
10010 14800 10600 14800
10600 14800 10600 16000
10700 14800 10700 16000
10700 14800 11200 14800
11200 14800 11700 16000
10550 14050 11500 14700
11500 14700 12000 16000
10250 14500 10250 14600
10450 14500 10450 14600
10250 14500 10450 14500
10250 14600 10450 14600
10250 14500 10450 14600
10100 14100 10200 14100
10200 14100 10300 14300
10300 14300 10100 14100
10300 14300 10290 14150
10010 16800 10600 16800
10600 16800 10600 18000
10700 16800 10700 18000
10700 16800 11200 16800
11200 16800 11700 18000
10550 16050 11500 16700
11500 16700 12000 18000
10250 16500 10250 16600
10450 16500 10450 16600
10250 16500 10450 16500
10250 16600 10450 16600
10250 16500 10450 16600
10100 16100 10200 16100
10200 16100 10300 16300
10300 16300 10100 16100
10300 16300 10290 16150
10600 18800 10010 18800
10600 18800 10600 20000
10700 18800 10700 20000
11200 18800 10700 18800
11700 18800 11200 20000
11500 18050 10550 18700
12000 18700 11500 20000
10250 18500 10250 18600
10450 18500 10450 18600
10450 18500 10250 18500
10450 18600 10250 18600
10450 18500 10250 18600
10200 18100 10100 18100
10300 18100 10200 18300
10100 18300 10300 18100
10290 18300 10300 18150
10600 20800 10010 20800
10600 22000 10600 20800
10700 22000 10700 20800
11200 20800 10700 20800
11700 22000 11200 20800
11500 20700 10550 20050
12000 22000 11500 20700
10250 20600 10250 20500
10450 20600 10450 20500
10450 20500 10250 20500
10450 20600 10250 20600
10450 20600 10250 20500
10200 20100 10100 20100
10300 20300 10200 20100
10100 20100 10300 20300
10290 20150 10300 20300
12010 800 12600 800
12600 2000 12600 800
12700 2000 12700 800
12700 800 13200 800
13200 2000 13700 800
12550 700 13500 50
13500 2000 14000 700
12250 600 12250 500
12450 600 12450 500
12250 500 12450 500
12250 600 12450 600
12250 600 12450 500
12100 100 12200 100
12200 300 12300 100
12300 100 12100 300
12300 150 12290 300
12010 2800 12600 2800
12600 2800 12600 4000
12700 2800 12700 4000
12700 2800 13200 2800
13200 2800 13700 4000
12550 2050 13500 2700
13500 2700 14000 4000
12250 2500 12250 2600
12450 2500 12450 2600
12250 2500 12450 2500
12250 2600 12450 2600
12250 2500 12450 2600
12100 2100 12200 2100
12200 2100 12300 2300
12300 2300 12100 2100
12300 2300 12290 2150
12010 4800 12600 4800
12600 6000 12600 4800
12700 6000 12700 4800
12700 4800 13200 4800
13200 6000 13700 4800
12550 4700 13500 4050
13500 6000 14000 4700
12250 4600 12250 4500
12450 4600 12450 4500
12250 4500 12450 4500
12250 4600 12450 4600
12250 4600 12450 4500
12100 4100 12200 4100
12200 4300 12300 4100
12300 4100 12100 4300
12300 4150 12290 4300
12010 6800 12600 6800
12600 6800 12600 8000
12700 6800 12700 8000
12700 6800 13200 6800
13200 6800 13700 8000
12550 6050 13500 6700
13500 6700 14000 8000
12250 6500 12250 6600
12450 6500 12450 6600
12250 6500 12450 6500
12250 6600 12450 6600
12250 6500 12450 6600
12100 6100 12200 6100
12200 6100 12300 6300
12300 6300 12100 6100
12300 6300 12290 6150
12010 8800 12600 8800
12600 8800 12600 10000
12700 8800 12700 10000
12700 8800 13200 8800
13200 8800 13700 10000
12550 8050 13500 8700
13500 8700 14000 10000
12250 8500 12250 8600
12450 8500 12450 8600
12250 8500 12450 8500
12250 8600 12450 8600
12250 8500 12450 8600
12100 8100 12200 8100
12200 8100 12300 8300
12300 8300 12100 8100
12300 8300 12290 8150
12600 10800 12010 10800
12600 12000 12600 10800
12700 12000 12700 10800
13200 10800 12700 10800
13700 12000 13200 10800
13500 10700 12550 10050
14000 12000 13500 10700
12250 10600 12250 10500
12450 10600 12450 10500
12450 10500 12250 10500
12450 10600 12250 10600
12450 10600 12250 10500
12200 10100 12100 10100
12300 10300 12200 10100
12100 10100 12300 10300
12290 10150 12300 10300
12600 12800 12010 12800
12600 12800 12600 14000
12700 12800 12700 14000
13200 12800 12700 12800
13700 12800 13200 14000
13500 12050 12550 12700
14000 12700 13500 14000
12250 12500 12250 12600
12450 12500 12450 12600
12450 12500 12250 12500
12450 12600 12250 12600
12450 12500 12250 12600
12200 12100 12100 12100
12300 12100 12200 12300
12100 12300 12300 12100
12290 12300 12300 12150
12600 14800 12010 14800
12600 16000 12600 14800
12700 16000 12700 14800
13200 14800 12700 14800
13700 16000 13200 14800
13500 14700 12550 14050
14000 16000 13500 14700
12250 14600 12250 14500
12450 14600 12450 14500
12450 14500 12250 14500
12450 14600 12250 14600
12450 14600 12250 14500
12200 14100 12100 14100
12300 14300 12200 14100
12100 14100 12300 14300
12290 14150 12300 14300
12010 16800 12600 16800
12600 18000 12600 16800
12700 18000 12700 16800
12700 16800 13200 16800
13200 18000 13700 16800
12550 16700 13500 16050
13500 18000 14000 16700
12250 16600 12250 16500
12450 16600 12450 16500
12250 16500 12450 16500
12250 16600 12450 16600
12250 16600 12450 16500
12100 16100 12200 16100
12200 16300 12300 16100
12300 16100 12100 16300
12300 16150 12290 16300
12010 18800 12600 18800
12600 20000 12600 18800
12700 20000 12700 18800
12700 18800 13200 18800
13200 20000 13700 18800
12550 18700 13500 18050
13500 20000 14000 18700
12250 18600 12250 18500
12450 18600 12450 18500
12250 18500 12450 18500
12250 18600 12450 18600
12250 18600 12450 18500
12100 18100 12200 18100
12200 18300 12300 18100
12300 18100 12100 18300
12300 18150 12290 18300
12600 20800 12010 20800
12600 22000 12600 20800
12700 22000 12700 20800
13200 20800 12700 20800
13700 22000 13200 20800
13500 20700 12550 20050
14000 22000 13500 20700
12250 20600 12250 20500
12450 20600 12450 20500
12450 20500 12250 20500
12450 20600 12250 20600
12450 20600 12250 20500
12200 20100 12100 20100
12300 20300 12200 20100
12100 20100 12300 20300
12290 20150 12300 20300
14010 800 14600 800
14600 2000 14600 800
14700 2000 14700 800
14700 800 15200 800
15200 2000 15700 800
14550 700 15500 50
15500 2000 16000 700
14250 600 14250 500
14450 600 14450 500
14250 500 14450 500
14250 600 14450 600
14250 600 14450 500
14100 100 14200 100
14200 300 14300 100
14300 100 14100 300
14300 150 14290 300
14010 2800 14600 2800
14600 2800 14600 4000
14700 2800 14700 4000
14700 2800 15200 2800
15200 2800 15700 4000
14550 2050 15500 2700
15500 2700 16000 4000
14250 2500 14250 2600
14450 2500 14450 2600
14250 2500 14450 2500
14250 2600 14450 2600
14250 2500 14450 2600
14100 2100 14200 2100
14200 2100 14300 2300
14300 2300 14100 2100
14300 2300 14290 2150
14600 4800 14010 4800
14600 4800 14600 6000
14700 4800 14700 6000
15200 4800 14700 4800
15700 4800 15200 6000
15500 4050 14550 4700
16000 4700 15500 6000
14250 4500 14250 4600
14450 4500 14450 4600
14450 4500 14250 4500
14450 4600 14250 4600
14450 4500 14250 4600
14200 4100 14100 4100
14300 4100 14200 4300
14100 4300 14300 4100
14290 4300 14300 4150
14010 6800 14600 6800
14600 6800 14600 8000
14700 6800 14700 8000
14700 6800 15200 6800
15200 6800 15700 8000
14550 6050 15500 6700
15500 6700 16000 8000
14250 6500 14250 6600
14450 6500 14450 6600
14250 6500 14450 6500
14250 6600 14450 6600
14250 6500 14450 6600
14100 6100 14200 6100
14200 6100 14300 6300
14300 6300 14100 6100
14300 6300 14290 6150
14600 8800 14010 8800
14600 8800 14600 10000
14700 8800 14700 10000
15200 8800 14700 8800
15700 8800 15200 10000
15500 8050 14550 8700
16000 8700 15500 10000
14250 8500 14250 8600
14450 8500 14450 8600
14450 8500 14250 8500
14450 8600 14250 8600
14450 8500 14250 8600
14200 8100 14100 8100
14300 8100 14200 8300
14100 8300 14300 8100
14290 8300 14300 8150
14010 10800 14600 10800
14600 12000 14600 10800
14700 12000 14700 10800
14700 10800 15200 10800
15200 12000 15700 10800
14550 10700 15500 10050
15500 12000 16000 10700
14250 10600 14250 10500
14450 10600 14450 10500
14250 10500 14450 10500
14250 10600 14450 10600
14250 10600 14450 10500
14100 10100 14200 10100
14200 10300 14300 10100
14300 10100 14100 10300
14300 10150 14290 10300
14600 12800 14010 12800
14600 12800 14600 14000
14700 12800 14700 14000
15200 12800 14700 12800
15700 12800 15200 14000
15500 12050 14550 12700
16000 12700 15500 14000
14250 12500 14250 12600
14450 12500 14450 12600
14450 12500 14250 12500
14450 12600 14250 12600
14450 12500 14250 12600
14200 12100 14100 12100
14300 12100 14200 12300
14100 12300 14300 12100
14290 12300 14300 12150
14010 14800 14600 14800
14600 14800 14600 16000
14700 14800 14700 16000
14700 14800 15200 14800
15200 14800 15700 16000
14550 14050 15500 14700
15500 14700 16000 16000
14250 14500 14250 14600
14450 14500 14450 14600
14250 14500 14450 14500
14250 14600 14450 14600
14250 14500 14450 14600
14100 14100 14200 14100
14200 14100 14300 14300
14300 14300 14100 14100
14300 14300 14290 14150
14600 16800 14010 16800
14600 18000 14600 16800
14700 18000 14700 16800
15200 16800 14700 16800
15700 18000 15200 16800
15500 16700 14550 16050
16000 18000 15500 16700
14250 16600 14250 16500
14450 16600 14450 16500
14450 16500 14250 16500
14450 16600 14250 16600
14450 16600 14250 16500
14200 16100 14100 16100
14300 16300 14200 16100
14100 16100 14300 16300
14290 16150 14300 16300
14600 18800 14010 18800
14600 18800 14600 20000
14700 18800 14700 20000
15200 18800 14700 18800
15700 18800 15200 20000
15500 18050 14550 18700
16000 18700 15500 20000
14250 18500 14250 18600
14450 18500 14450 18600
14450 18500 14250 18500
14450 18600 14250 18600
14450 18500 14250 18600
14200 18100 14100 18100
14300 18100 14200 18300
14100 18300 14300 18100
14290 18300 14300 18150
14010 20800 14600 20800
14600 22000 14600 20800
14700 22000 14700 20800
14700 20800 15200 20800
15200 22000 15700 20800
14550 20700 15500 20050
15500 22000 16000 20700
14250 20600 14250 20500
14450 20600 14450 20500
14250 20500 14450 20500
14250 20600 14450 20600
14250 20600 14450 20500
14100 20100 14200 20100
14200 20300 14300 20100
14300 20100 14100 20300
14300 20150 14290 20300
16010 800 16600 800
16600 2000 16600 800
16700 2000 16700 800
16700 800 17200 800
17200 2000 17700 800
16550 700 17500 50
17500 2000 18000 700
16250 600 16250 500
16450 600 16450 500
16250 500 16450 500
16250 600 16450 600
16250 600 16450 500
16100 100 16200 100
16200 300 16300 100
16300 100 16100 300
16300 150 16290 300
16600 2800 16010 2800
16600 4000 16600 2800
16700 4000 16700 2800
17200 2800 16700 2800
17700 4000 17200 2800
17500 2700 16550 2050
18000 4000 17500 2700
16250 2600 16250 2500
16450 2600 16450 2500
16450 2500 16250 2500
16450 2600 16250 2600
16450 2600 16250 2500
16200 2100 16100 2100
16300 2300 16200 2100
16100 2100 16300 2300
16290 2150 16300 2300
16010 4800 16600 4800
16600 6000 16600 4800
16700 6000 16700 4800
16700 4800 17200 4800
17200 6000 17700 4800
16550 4700 17500 4050
17500 6000 18000 4700
16250 4600 16250 4500
16450 4600 16450 4500
16250 4500 16450 4500
16250 4600 16450 4600
16250 4600 16450 4500
16100 4100 16200 4100
16200 4300 16300 4100
16300 4100 16100 4300
16300 4150 16290 4300
16010 6800 16600 6800
16600 8000 16600 6800
16700 8000 16700 6800
16700 6800 17200 6800
17200 8000 17700 6800
16550 6700 17500 6050
17500 8000 18000 6700
16250 6600 16250 6500
16450 6600 16450 6500
16250 6500 16450 6500
16250 6600 16450 6600
16250 6600 16450 6500
16100 6100 16200 6100
16200 6300 16300 6100
16300 6100 16100 6300
16300 6150 16290 6300
16600 8800 16010 8800
16600 8800 16600 10000
16700 8800 16700 10000
17200 8800 16700 8800
17700 8800 17200 10000
17500 8050 16550 8700
18000 8700 17500 10000
16250 8500 16250 8600
16450 8500 16450 8600
16450 8500 16250 8500
16450 8600 16250 8600
16450 8500 16250 8600
16200 8100 16100 8100
16300 8100 16200 8300
16100 8300 16300 8100
16290 8300 16300 8150
16600 10800 16010 10800
16600 12000 16600 10800
16700 12000 16700 10800
17200 10800 16700 10800
17700 12000 17200 10800
17500 10700 16550 10050
18000 12000 17500 10700
16250 10600 16250 10500
16450 10600 16450 10500
16450 10500 16250 10500
16450 10600 16250 10600
16450 10600 16250 10500
16200 10100 16100 10100
16300 10300 16200 10100
16100 10100 16300 10300
16290 10150 16300 10300
16600 12800 16010 12800
16600 14000 16600 12800
16700 14000 16700 12800
17200 12800 16700 12800
17700 14000 17200 12800
17500 12700 16550 12050
18000 14000 17500 12700
16250 12600 16250 12500
16450 12600 16450 12500
16450 12500 16250 12500
16450 12600 16250 12600
16450 12600 16250 12500
16200 12100 16100 12100
16300 12300 16200 12100
16100 12100 16300 12300
16290 12150 16300 12300
16010 14800 16600 14800
16600 16000 16600 14800
16700 16000 16700 14800
16700 14800 17200 14800
17200 16000 17700 14800
16550 14700 17500 14050
17500 16000 18000 14700
16250 14600 16250 14500
16450 14600 16450 14500
16250 14500 16450 14500
16250 14600 16450 14600
16250 14600 16450 14500
16100 14100 16200 14100
16200 14300 16300 14100
16300 14100 16100 14300
16300 14150 16290 14300
16010 16800 16600 16800
16600 16800 16600 18000
16700 16800 16700 18000
16700 16800 17200 16800
17200 16800 17700 18000
16550 16050 17500 16700
17500 16700 18000 18000
16250 16500 16250 16600
16450 16500 16450 16600
16250 16500 16450 16500
16250 16600 16450 16600
16250 16500 16450 16600
16100 16100 16200 16100
16200 16100 16300 16300
16300 16300 16100 16100
16300 16300 16290 16150
16600 18800 16010 18800
16600 18800 16600 20000
16700 18800 16700 20000
17200 18800 16700 18800
17700 18800 17200 20000
17500 18050 16550 18700
18000 18700 17500 20000
16250 18500 16250 18600
16450 18500 16450 18600
16450 18500 16250 18500
16450 18600 16250 18600
16450 18500 16250 18600
16200 18100 16100 18100
16300 18100 16200 18300
16100 18300 16300 18100
16290 18300 16300 18150
16600 20800 16010 20800
16600 20800 16600 22000
16700 20800 16700 22000
17200 20800 16700 20800
17700 20800 17200 22000
17500 20050 16550 20700
18000 20700 17500 22000
16250 20500 16250 20600
16450 20500 16450 20600
16450 20500 16250 20500
16450 20600 16250 20600
16450 20500 16250 20600
16200 20100 16100 20100
16300 20100 16200 20300
16100 20300 16300 20100
16290 20300 16300 20150
18600 800 18010 800
18600 800 18600 2000
18700 800 18700 2000
19200 800 18700 800
19700 800 19200 2000
19500 50 18550 700
20000 700 19500 2000
18250 500 18250 600
18450 500 18450 600
18450 500 18250 500
18450 600 18250 600
18450 500 18250 600
18200 100 18100 100
18300 100 18200 300
18100 300 18300 100
18290 300 18300 150
18010 2800 18600 2800
18600 2800 18600 4000
18700 2800 18700 4000
18700 2800 19200 2800
19200 2800 19700 4000
18550 2050 19500 2700
19500 2700 20000 4000
18250 2500 18250 2600
18450 2500 18450 2600
18250 2500 18450 2500
18250 2600 18450 2600
18250 2500 18450 2600
18100 2100 18200 2100
18200 2100 18300 2300
18300 2300 18100 2100
18300 2300 18290 2150
18600 4800 18010 4800
18600 6000 18600 4800
18700 6000 18700 4800
19200 4800 18700 4800
19700 6000 19200 4800
19500 4700 18550 4050
20000 6000 19500 4700
18250 4600 18250 4500
18450 4600 18450 4500
18450 4500 18250 4500
18450 4600 18250 4600
18450 4600 18250 4500
18200 4100 18100 4100
18300 4300 18200 4100
18100 4100 18300 4300
18290 4150 18300 4300
18010 6800 18600 6800
18600 6800 18600 8000
18700 6800 18700 8000
18700 6800 19200 6800
19200 6800 19700 8000
18550 6050 19500 6700
19500 6700 20000 8000
18250 6500 18250 6600
18450 6500 18450 6600
18250 6500 18450 6500
18250 6600 18450 6600
18250 6500 18450 6600
18100 6100 18200 6100
18200 6100 18300 6300
18300 6300 18100 6100
18300 6300 18290 6150
18010 8800 18600 8800
18600 10000 18600 8800
18700 10000 18700 8800
18700 8800 19200 8800
19200 10000 19700 8800
18550 8700 19500 8050
19500 10000 20000 8700
18250 8600 18250 8500
18450 8600 18450 8500
18250 8500 18450 8500
18250 8600 18450 8600
18250 8600 18450 8500
18100 8100 18200 8100
18200 8300 18300 8100
18300 8100 18100 8300
18300 8150 18290 8300
18010 10800 18600 10800
18600 10800 18600 12000
18700 10800 18700 12000
18700 10800 19200 10800
19200 10800 19700 12000
18550 10050 19500 10700
19500 10700 20000 12000
18250 10500 18250 10600
18450 10500 18450 10600
18250 10500 18450 10500
18250 10600 18450 10600
18250 10500 18450 10600
18100 10100 18200 10100
18200 10100 18300 10300
18300 10300 18100 10100
18300 10300 18290 10150
18600 12800 18010 12800
18600 14000 18600 12800
18700 14000 18700 12800
19200 12800 18700 12800
19700 14000 19200 12800
19500 12700 18550 12050
20000 14000 19500 12700
18250 12600 18250 12500
18450 12600 18450 12500
18450 12500 18250 12500
18450 12600 18250 12600
18450 12600 18250 12500
18200 12100 18100 12100
18300 12300 18200 12100
18100 12100 18300 12300
18290 12150 18300 12300
18010 14800 18600 14800
18600 14800 18600 16000
18700 14800 18700 16000
18700 14800 19200 14800
19200 14800 19700 16000
18550 14050 19500 14700
19500 14700 20000 16000
18250 14500 18250 14600
18450 14500 18450 14600
18250 14500 18450 14500
18250 14600 18450 14600
18250 14500 18450 14600
18100 14100 18200 14100
18200 14100 18300 14300
18300 14300 18100 14100
18300 14300 18290 14150
18010 16800 18600 16800
18600 18000 18600 16800
18700 18000 18700 16800
18700 16800 19200 16800
19200 18000 19700 16800
18550 16700 19500 16050
19500 18000 20000 16700
18250 16600 18250 16500
18450 16600 18450 16500
18250 16500 18450 16500
18250 16600 18450 16600
18250 16600 18450 16500
18100 16100 18200 16100
18200 16300 18300 16100
18300 16100 18100 16300
18300 16150 18290 16300
18010 18800 18600 18800
18600 18800 18600 20000
18700 18800 18700 20000
18700 18800 19200 18800
19200 18800 19700 20000
18550 18050 19500 18700
19500 18700 20000 20000
18250 18500 18250 18600
18450 18500 18450 18600
18250 18500 18450 18500
18250 18600 18450 18600
18250 18500 18450 18600
18100 18100 18200 18100
18200 18100 18300 18300
18300 18300 18100 18100
18300 18300 18290 18150
18600 20800 18010 20800
18600 20800 18600 22000
18700 20800 18700 22000
19200 20800 18700 20800
19700 20800 19200 22000
19500 20050 18550 20700
20000 20700 19500 22000
18250 20500 18250 20600
18450 20500 18450 20600
18450 20500 18250 20500
18450 20600 18250 20600
18450 20500 18250 20600
18200 20100 18100 20100
18300 20100 18200 20300
18100 20300 18300 20100
18290 20300 18300 20150
20600 800 20010 800
20600 800 20600 2000
20700 800 20700 2000
21200 800 20700 800
21700 800 21200 2000
21500 50 20550 700
22000 700 21500 2000
20250 500 20250 600
20450 500 20450 600
20450 500 20250 500
20450 600 20250 600
20450 500 20250 600
20200 100 20100 100
20300 100 20200 300
20100 300 20300 100
20290 300 20300 150
20010 2800 20600 2800
20600 4000 20600 2800
20700 4000 20700 2800
20700 2800 21200 2800
21200 4000 21700 2800
20550 2700 21500 2050
21500 4000 22000 2700
20250 2600 20250 2500
20450 2600 20450 2500
20250 2500 20450 2500
20250 2600 20450 2600
20250 2600 20450 2500
20100 2100 20200 2100
20200 2300 20300 2100
20300 2100 20100 2300
20300 2150 20290 2300
20600 4800 20010 4800
20600 6000 20600 4800
20700 6000 20700 4800
21200 4800 20700 4800
21700 6000 21200 4800
21500 4700 20550 4050
22000 6000 21500 4700
20250 4600 20250 4500
20450 4600 20450 4500
20450 4500 20250 4500
20450 4600 20250 4600
20450 4600 20250 4500
20200 4100 20100 4100
20300 4300 20200 4100
20100 4100 20300 4300
20290 4150 20300 4300
20600 6800 20010 6800
20600 8000 20600 6800
20700 8000 20700 6800
21200 6800 20700 6800
21700 8000 21200 6800
21500 6700 20550 6050
22000 8000 21500 6700
20250 6600 20250 6500
20450 6600 20450 6500
20450 6500 20250 6500
20450 6600 20250 6600
20450 6600 20250 6500
20200 6100 20100 6100
20300 6300 20200 6100
20100 6100 20300 6300
20290 6150 20300 6300
20600 8800 20010 8800
20600 10000 20600 8800
20700 10000 20700 8800
21200 8800 20700 8800
21700 10000 21200 8800
21500 8700 20550 8050
22000 10000 21500 8700
20250 8600 20250 8500
20450 8600 20450 8500
20450 8500 20250 8500
20450 8600 20250 8600
20450 8600 20250 8500
20200 8100 20100 8100
20300 8300 20200 8100
20100 8100 20300 8300
20290 8150 20300 8300
20010 10800 20600 10800
20600 12000 20600 10800
20700 12000 20700 10800
20700 10800 21200 10800
21200 12000 21700 10800
20550 10700 21500 10050
21500 12000 22000 10700
20250 10600 20250 10500
20450 10600 20450 10500
20250 10500 20450 10500
20250 10600 20450 10600
20250 10600 20450 10500
20100 10100 20200 10100
20200 10300 20300 10100
20300 10100 20100 10300
20300 10150 20290 10300
20600 12800 20010 12800
20600 12800 20600 14000
20700 12800 20700 14000
21200 12800 20700 12800
21700 12800 21200 14000
21500 12050 20550 12700
22000 12700 21500 14000
20250 12500 20250 12600
20450 12500 20450 12600
20450 12500 20250 12500
20450 12600 20250 12600
20450 12500 20250 12600
20200 12100 20100 12100
20300 12100 20200 12300
20100 12300 20300 12100
20290 12300 20300 12150
20010 14800 20600 14800
20600 16000 20600 14800
20700 16000 20700 14800
20700 14800 21200 14800
21200 16000 21700 14800
20550 14700 21500 14050
21500 16000 22000 14700
20250 14600 20250 14500
20450 14600 20450 14500
20250 14500 20450 14500
20250 14600 20450 14600
20250 14600 20450 14500
20100 14100 20200 14100
20200 14300 20300 14100
20300 14100 20100 14300
20300 14150 20290 14300
20010 16800 20600 16800
20600 16800 20600 18000
20700 16800 20700 18000
20700 16800 21200 16800
21200 16800 21700 18000
20550 16050 21500 16700
21500 16700 22000 18000
20250 16500 20250 16600
20450 16500 20450 16600
20250 16500 20450 16500
20250 16600 20450 16600
20250 16500 20450 16600
20100 16100 20200 16100
20200 16100 20300 16300
20300 16300 20100 16100
20300 16300 20290 16150
20010 18800 20600 18800
20600 20000 20600 18800
20700 20000 20700 18800
20700 18800 21200 18800
21200 20000 21700 18800
20550 18700 21500 18050
21500 20000 22000 18700
20250 18600 20250 18500
20450 18600 20450 18500
20250 18500 20450 18500
20250 18600 20450 18600
20250 18600 20450 18500
20100 18100 20200 18100
20200 18300 20300 18100
20300 18100 20100 18300
20300 18150 20290 18300
20600 20800 20010 20800
20600 20800 20600 22000
20700 20800 20700 22000
21200 20800 20700 20800
21700 20800 21200 22000
21500 20050 20550 20700
22000 20700 21500 22000
20250 20500 20250 20600
20450 20500 20450 20600
20450 20500 20250 20500
20450 20600 20250 20600
20450 20500 20250 20600
20200 20100 20100 20100
20300 20100 20200 20300
20100 20300 20300 20100
20290 20300 20300 20150
