10 800 600 800
600 2000 600 800
700 2000 700 800
700 800 1200 800
1200 2000 1700 800
550 700 1500 50
1500 2000 2000 700
250 600 250 500
450 600 450 500
250 500 450 500
250 600 450 600
250 600 450 500
100 100 200 100
200 300 300 100
300 100 100 300
300 150 290 300
600 2800 10 2800
600 4000 600 2800
700 4000 700 2800
1200 2800 700 2800
1700 4000 1200 2800
1500 2700 550 2050
2000 4000 1500 2700
250 2600 250 2500
450 2600 450 2500
450 2500 250 2500
450 2600 250 2600
450 2600 250 2500
200 2100 100 2100
300 2300 200 2100
100 2100 300 2300
290 2150 300 2300
10 4800 600 4800
600 6000 600 4800
700 6000 700 4800
700 4800 1200 4800
1200 6000 1700 4800
550 4700 1500 4050
1500 6000 2000 4700
250 4600 250 4500
450 4600 450 4500
250 4500 450 4500
250 4600 450 4600
250 4600 450 4500
100 4100 200 4100
200 4300 300 4100
300 4100 100 4300
300 4150 290 4300
10 6800 600 6800
600 6800 600 8000
700 6800 700 8000
700 6800 1200 6800
1200 6800 1700 8000
550 6050 1500 6700
1500 6700 2000 8000
250 6500 250 6600
450 6500 450 6600
250 6500 450 6500
250 6600 450 6600
250 6500 450 6600
100 6100 200 6100
200 6100 300 6300
300 6300 100 6100
300 6300 290 6150
600 8800 10 8800
600 8800 600 10000
700 8800 700 10000
1200 8800 700 8800
1700 8800 1200 10000
1500 8050 550 8700
2000 8700 1500 10000
250 8500 250 8600
450 8500 450 8600
450 8500 250 8500
450 8600 250 8600
450 8500 250 8600
200 8100 100 8100
300 8100 200 8300
100 8300 300 8100
290 8300 300 8150
600 10800 10 10800
600 10800 600 12000
700 10800 700 12000
1200 10800 700 10800
1700 10800 1200 12000
1500 10050 550 10700
2000 10700 1500 12000
250 10500 250 10600
450 10500 450 10600
450 10500 250 10500
450 10600 250 10600
450 10500 250 10600
200 10100 100 10100
300 10100 200 10300
100 10300 300 10100
290 10300 300 10150
10 12800 600 12800
600 12800 600 14000
700 12800 700 14000
700 12800 1200 12800
1200 12800 1700 14000
550 12050 1500 12700
1500 12700 2000 14000
250 12500 250 12600
450 12500 450 12600
250 12500 450 12500
250 12600 450 12600
250 12500 450 12600
100 12100 200 12100
200 12100 300 12300
300 12300 100 12100
300 12300 290 12150
600 14800 10 14800
600 16000 600 14800
700 16000 700 14800
1200 14800 700 14800
1700 16000 1200 14800
1500 14700 550 14050
2000 16000 1500 14700
250 14600 250 14500
450 14600 450 14500
450 14500 250 14500
450 14600 250 14600
450 14600 250 14500
200 14100 100 14100
300 14300 200 14100
100 14100 300 14300
290 14150 300 14300
600 16800 10 16800
600 18000 600 16800
700 18000 700 16800
1200 16800 700 16800
1700 18000 1200 16800
1500 16700 550 16050
2000 18000 1500 16700
250 16600 250 16500
450 16600 450 16500
450 16500 250 16500
450 16600 250 16600
450 16600 250 16500
200 16100 100 16100
300 16300 200 16100
100 16100 300 16300
290 16150 300 16300
10 18800 600 18800
600 18800 600 20000
700 18800 700 20000
700 18800 1200 18800
1200 18800 1700 20000
550 18050 1500 18700
1500 18700 2000 20000
250 18500 250 18600
450 18500 450 18600
250 18500 450 18500
250 18600 450 18600
250 18500 450 18600
100 18100 200 18100
200 18100 300 18300
300 18300 100 18100
300 18300 290 18150
600 20800 10 20800
600 22000 600 20800
700 22000 700 20800
1200 20800 700 20800
1700 22000 1200 20800
1500 20700 550 20050
2000 22000 1500 20700
250 20600 250 20500
450 20600 450 20500
450 20500 250 20500
450 20600 250 20600
450 20600 250 20500
200 20100 100 20100
300 20300 200 20100
100 20100 300 20300
290 20150 300 20300
600 22800 10 22800
600 24000 600 22800
700 24000 700 22800
1200 22800 700 22800
1700 24000 1200 22800
1500 22700 550 22050
2000 24000 1500 22700
250 22600 250 22500
450 22600 450 22500
450 22500 250 22500
450 22600 250 22600
450 22600 250 22500
200 22100 100 22100
300 22300 200 22100
100 22100 300 22300
290 22150 300 22300
10 24800 600 24800
600 26000 600 24800
700 26000 700 24800
700 24800 1200 24800
1200 26000 1700 24800
550 24700 1500 24050
1500 26000 2000 24700
250 24600 250 24500
450 24600 450 24500
250 24500 450 24500
250 24600 450 24600
250 24600 450 24500
100 24100 200 24100
200 24300 300 24100
300 24100 100 24300
300 24150 290 24300
10 26800 600 26800
600 26800 600 28000
700 26800 700 28000
700 26800 1200 26800
1200 26800 1700 28000
550 26050 1500 26700
1500 26700 2000 28000
250 26500 250 26600
450 26500 450 26600
250 26500 450 26500
250 26600 450 26600
250 26500 450 26600
100 26100 200 26100
200 26100 300 26300
300 26300 100 26100
300 26300 290 26150
600 28800 10 28800
600 30000 600 28800
700 30000 700 28800
1200 28800 700 28800
1700 30000 1200 28800
1500 28700 550 28050
2000 30000 1500 28700
250 28600 250 28500
450 28600 450 28500
450 28500 250 28500
450 28600 250 28600
450 28600 250 28500
200 28100 100 28100
300 28300 200 28100
100 28100 300 28300
290 28150 300 28300
10 30800 600 30800
600 32000 600 30800
700 32000 700 30800
700 30800 1200 30800
1200 32000 1700 30800
550 30700 1500 30050
1500 32000 2000 30700
250 30600 250 30500
450 30600 450 30500
250 30500 450 30500
250 30600 450 30600
250 30600 450 30500
100 30100 200 30100
200 30300 300 30100
300 30100 100 30300
300 30150 290 30300
2600 800 2010 800
2600 800 2600 2000
2700 800 2700 2000
3200 800 2700 800
3700 800 3200 2000
3500 50 2550 700
4000 700 3500 2000
2250 500 2250 600
2450 500 2450 600
2450 500 2250 500
2450 600 2250 600
2450 500 2250 600
2200 100 2100 100
2300 100 2200 300
2100 300 2300 100
2290 300 2300 150
2010 2800 2600 2800
2600 2800 2600 4000
2700 2800 2700 4000
2700 2800 3200 2800
3200 2800 3700 4000
2550 2050 3500 2700
3500 2700 4000 4000
2250 2500 2250 2600
2450 2500 2450 2600
2250 2500 2450 2500
2250 2600 2450 2600
2250 2500 2450 2600
2100 2100 2200 2100
2200 2100 2300 2300
2300 2300 2100 2100
2300 2300 2290 2150
2600 4800 2010 4800
2600 4800 2600 6000
2700 4800 2700 6000
3200 4800 2700 4800
3700 4800 3200 6000
3500 4050 2550 4700
4000 4700 3500 6000
2250 4500 2250 4600
2450 4500 2450 4600
2450 4500 2250 4500
2450 4600 2250 4600
2450 4500 2250 4600
2200 4100 2100 4100
2300 4100 2200 4300
2100 4300 2300 4100
2290 4300 2300 4150
2010 6800 2600 6800
2600 6800 2600 8000
2700 6800 2700 8000
2700 6800 3200 6800
3200 6800 3700 8000
2550 6050 3500 6700
3500 6700 4000 8000
2250 6500 2250 6600
2450 6500 2450 6600
2250 6500 2450 6500
2250 6600 2450 6600
2250 6500 2450 6600
2100 6100 2200 6100
2200 6100 2300 6300
2300 6300 2100 6100
2300 6300 2290 6150
2600 8800 2010 8800
2600 10000 2600 8800
2700 10000 2700 8800
3200 8800 2700 8800
3700 10000 3200 8800
3500 8700 2550 8050
4000 10000 3500 8700
2250 8600 2250 8500
2450 8600 2450 8500
2450 8500 2250 8500
2450 8600 2250 8600
2450 8600 2250 8500
2200 8100 2100 8100
2300 8300 2200 8100
2100 8100 2300 8300
2290 8150 2300 8300
2010 10800 2600 10800
2600 10800 2600 12000
2700 10800 2700 12000
2700 10800 3200 10800
3200 10800 3700 12000
2550 10050 3500 10700
3500 10700 4000 12000
2250 10500 2250 10600
2450 10500 2450 10600
2250 10500 2450 10500
2250 10600 2450 10600
2250 10500 2450 10600
2100 10100 2200 10100
2200 10100 2300 10300
2300 10300 2100 10100
2300 10300 2290 10150
2010 12800 2600 12800
2600 12800 2600 14000
2700 12800 2700 14000
2700 12800 3200 12800
3200 12800 3700 14000
2550 12050 3500 12700
3500 12700 4000 14000
2250 12500 2250 12600
2450 12500 2450 12600
2250 12500 2450 12500
2250 12600 2450 12600
2250 12500 2450 12600
2100 12100 2200 12100
2200 12100 2300 12300
2300 12300 2100 12100
2300 12300 2290 12150
2010 14800 2600 14800
2600 16000 2600 14800
2700 16000 2700 14800
2700 14800 3200 14800
3200 16000 3700 14800
2550 14700 3500 14050
3500 16000 4000 14700
2250 14600 2250 14500
2450 14600 2450 14500
2250 14500 2450 14500
2250 14600 2450 14600
2250 14600 2450 14500
2100 14100 2200 14100
2200 14300 2300 14100
2300 14100 2100 14300
2300 14150 2290 14300
2010 16800 2600 16800
2600 16800 2600 18000
2700 16800 2700 18000
2700 16800 3200 16800
3200 16800 3700 18000
2550 16050 3500 16700
3500 16700 4000 18000
2250 16500 2250 16600
2450 16500 2450 16600
2250 16500 2450 16500
2250 16600 2450 16600
2250 16500 2450 16600
2100 16100 2200 16100
2200 16100 2300 16300
2300 16300 2100 16100
2300 16300 2290 16150
2010 18800 2600 18800
2600 20000 2600 18800
2700 20000 2700 18800
2700 18800 3200 18800
3200 20000 3700 18800
2550 18700 3500 18050
3500 20000 4000 18700
2250 18600 2250 18500
2450 18600 2450 18500
2250 18500 2450 18500
2250 18600 2450 18600
2250 18600 2450 18500
2100 18100 2200 18100
2200 18300 2300 18100
2300 18100 2100 18300
2300 18150 2290 18300
2600 20800 2010 20800
2600 22000 2600 20800
2700 22000 2700 20800
3200 20800 2700 20800
3700 22000 3200 20800
3500 20700 2550 20050
4000 22000 3500 20700
2250 20600 2250 20500
2450 20600 2450 20500
2450 20500 2250 20500
2450 20600 2250 20600
2450 20600 2250 20500
2200 20100 2100 20100
2300 20300 2200 20100
2100 20100 2300 20300
2290 20150 2300 20300
2010 22800 2600 22800
2600 24000 2600 22800
2700 24000 2700 22800
2700 22800 3200 22800
3200 24000 3700 22800
2550 22700 3500 22050
3500 24000 4000 22700
2250 22600 2250 22500
2450 22600 2450 22500
2250 22500 2450 22500
2250 22600 2450 22600
2250 22600 2450 22500
2100 22100 2200 22100
2200 22300 2300 22100
2300 22100 2100 22300
2300 22150 2290 22300
2010 24800 2600 24800
2600 24800 2600 26000
2700 24800 2700 26000
2700 24800 3200 24800
3200 24800 3700 26000
2550 24050 3500 24700
3500 24700 4000 26000
2250 24500 2250 24600
2450 24500 2450 24600
2250 24500 2450 24500
2250 24600 2450 24600
2250 24500 2450 24600
2100 24100 2200 24100
2200 24100 2300 24300
2300 24300 2100 24100
2300 24300 2290 24150
2010 26800 2600 26800
2600 28000 2600 26800
2700 28000 2700 26800
2700 26800 3200 26800
3200 28000 3700 26800
2550 26700 3500 26050
3500 28000 4000 26700
2250 26600 2250 26500
2450 26600 2450 26500
2250 26500 2450 26500
2250 26600 2450 26600
2250 26600 2450 26500
2100 26100 2200 26100
2200 26300 2300 26100
2300 26100 2100 26300
2300 26150 2290 26300
2600 28800 2010 28800
2600 28800 2600 30000
2700 28800 2700 30000
3200 28800 2700 28800
3700 28800 3200 30000
3500 28050 2550 28700
4000 28700 3500 30000
2250 28500 2250 28600
2450 28500 2450 28600
2450 28500 2250 28500
2450 28600 2250 28600
2450 28500 2250 28600
2200 28100 2100 28100
2300 28100 2200 28300
2100 28300 2300 28100
2290 28300 2300 28150
2600 30800 2010 30800
2600 30800 2600 32000
2700 30800 2700 32000
3200 30800 2700 30800
3700 30800 3200 32000
3500 30050 2550 30700
4000 30700 3500 32000
2250 30500 2250 30600
2450 30500 2450 30600
2450 30500 2250 30500
2450 30600 2250 30600
2450 30500 2250 30600
2200 30100 2100 30100
2300 30100 2200 30300
2100 30300 2300 30100
2290 30300 2300 30150
4600 800 4010 800
4600 800 4600 2000
4700 800 4700 2000
5200 800 4700 800
5700 800 5200 2000
5500 50 4550 700
6000 700 5500 2000
4250 500 4250 600
4450 500 4450 600
4450 500 4250 500
4450 600 4250 600
4450 500 4250 600
4200 100 4100 100
4300 100 4200 300
4100 300 4300 100
4290 300 4300 150
4600 2800 4010 2800
4600 2800 4600 4000
4700 2800 4700 4000
5200 2800 4700 2800
5700 2800 5200 4000
5500 2050 4550 2700
6000 2700 5500 4000
4250 2500 4250 2600
4450 2500 4450 2600
4450 2500 4250 2500
4450 2600 4250 2600
4450 2500 4250 2600
4200 2100 4100 2100
4300 2100 4200 2300
4100 2300 4300 2100
4290 2300 4300 2150
4600 4800 4010 4800
4600 6000 4600 4800
4700 6000 4700 4800
5200 4800 4700 4800
5700 6000 5200 4800
5500 4700 4550 4050
6000 6000 5500 4700
4250 4600 4250 4500
4450 4600 4450 4500
4450 4500 4250 4500
4450 4600 4250 4600
4450 4600 4250 4500
4200 4100 4100 4100
4300 4300 4200 4100
4100 4100 4300 4300
4290 4150 4300 4300
4010 6800 4600 6800
4600 6800 4600 8000
4700 6800 4700 8000
4700 6800 5200 6800
5200 6800 5700 8000
4550 6050 5500 6700
5500 6700 6000 8000
4250 6500 4250 6600
4450 6500 4450 6600
4250 6500 4450 6500
4250 6600 4450 6600
4250 6500 4450 6600
4100 6100 4200 6100
4200 6100 4300 6300
4300 6300 4100 6100
4300 6300 4290 6150
4010 8800 4600 8800
4600 10000 4600 8800
4700 10000 4700 8800
4700 8800 5200 8800
5200 10000 5700 8800
4550 8700 5500 8050
5500 10000 6000 8700
4250 8600 4250 8500
4450 8600 4450 8500
4250 8500 4450 8500
4250 8600 4450 8600
4250 8600 4450 8500
4100 8100 4200 8100
4200 8300 4300 8100
4300 8100 4100 8300
4300 8150 4290 8300
4010 10800 4600 10800
4600 10800 4600 12000
4700 10800 4700 12000
4700 10800 5200 10800
5200 10800 5700 12000
4550 10050 5500 10700
5500 10700 6000 12000
4250 10500 4250 10600
4450 10500 4450 10600
4250 10500 4450 10500
4250 10600 4450 10600
4250 10500 4450 10600
4100 10100 4200 10100
4200 10100 4300 10300
4300 10300 4100 10100
4300 10300 4290 10150
4010 12800 4600 12800
4600 14000 4600 12800
4700 14000 4700 12800
4700 12800 5200 12800
5200 14000 5700 12800
4550 12700 5500 12050
5500 14000 6000 12700
4250 12600 4250 12500
4450 12600 4450 12500
4250 12500 4450 12500
4250 12600 4450 12600
4250 12600 4450 12500
4100 12100 4200 12100
4200 12300 4300 12100
4300 12100 4100 12300
4300 12150 4290 12300
4010 14800 4600 14800
4600 14800 4600 16000
4700 14800 4700 16000
4700 14800 5200 14800
5200 14800 5700 16000
4550 14050 5500 14700
5500 14700 6000 16000
4250 14500 4250 14600
4450 14500 4450 14600
4250 14500 4450 14500
4250 14600 4450 14600
4250 14500 4450 14600
4100 14100 4200 14100
4200 14100 4300 14300
4300 14300 4100 14100
4300 14300 4290 14150
4010 16800 4600 16800
4600 16800 4600 18000
4700 16800 4700 18000
4700 16800 5200 16800
5200 16800 5700 18000
4550 16050 5500 16700
5500 16700 6000 18000
4250 16500 4250 16600
4450 16500 4450 16600
4250 16500 4450 16500
4250 16600 4450 16600
4250 16500 4450 16600
4100 16100 4200 16100
4200 16100 4300 16300
4300 16300 4100 16100
4300 16300 4290 16150
4010 18800 4600 18800
4600 18800 4600 20000
4700 18800 4700 20000
4700 18800 5200 18800
5200 18800 5700 20000
4550 18050 5500 18700
5500 18700 6000 20000
4250 18500 4250 18600
4450 18500 4450 18600
4250 18500 4450 18500
4250 18600 4450 18600
4250 18500 4450 18600
4100 18100 4200 18100
4200 18100 4300 18300
4300 18300 4100 18100
4300 18300 4290 18150
4010 20800 4600 20800
4600 20800 4600 22000
4700 20800 4700 22000
4700 20800 5200 20800
5200 20800 5700 22000
4550 20050 5500 20700
5500 20700 6000 22000
4250 20500 4250 20600
4450 20500 4450 20600
4250 20500 4450 20500
4250 20600 4450 20600
4250 20500 4450 20600
4100 20100 4200 20100
4200 20100 4300 20300
4300 20300 4100 20100
4300 20300 4290 20150
4010 22800 4600 22800
4600 22800 4600 24000
4700 22800 4700 24000
4700 22800 5200 22800
5200 22800 5700 24000
4550 22050 5500 22700
5500 22700 6000 24000
4250 22500 4250 22600
4450 22500 4450 22600
4250 22500 4450 22500
4250 22600 4450 22600
4250 22500 4450 22600
4100 22100 4200 22100
4200 22100 4300 22300
4300 22300 4100 22100
4300 22300 4290 22150
4010 24800 4600 24800
4600 24800 4600 26000
4700 24800 4700 26000
4700 24800 5200 24800
5200 24800 5700 26000
4550 24050 5500 24700
5500 24700 6000 26000
4250 24500 4250 24600
4450 24500 4450 24600
4250 24500 4450 24500
4250 24600 4450 24600
4250 24500 4450 24600
4100 24100 4200 24100
4200 24100 4300 24300
4300 24300 4100 24100
4300 24300 4290 24150
4010 26800 4600 26800
4600 28000 4600 26800
4700 28000 4700 26800
4700 26800 5200 26800
5200 28000 5700 26800
4550 26700 5500 26050
5500 28000 6000 26700
4250 26600 4250 26500
4450 26600 4450 26500
4250 26500 4450 26500
4250 26600 4450 26600
4250 26600 4450 26500
4100 26100 4200 26100
4200 26300 4300 26100
4300 26100 4100 26300
4300 26150 4290 26300
4010 28800 4600 28800
4600 30000 4600 28800
4700 30000 4700 28800
4700 28800 5200 28800
5200 30000 5700 28800
4550 28700 5500 28050
5500 30000 6000 28700
4250 28600 4250 28500
4450 28600 4450 28500
4250 28500 4450 28500
4250 28600 4450 28600
4250 28600 4450 28500
4100 28100 4200 28100
4200 28300 4300 28100
4300 28100 4100 28300
4300 28150 4290 28300
4600 30800 4010 30800
4600 30800 4600 32000
4700 30800 4700 32000
5200 30800 4700 30800
5700 30800 5200 32000
5500 30050 4550 30700
6000 30700 5500 32000
4250 30500 4250 30600
4450 30500 4450 30600
4450 30500 4250 30500
4450 30600 4250 30600
4450 30500 4250 30600
4200 30100 4100 30100
4300 30100 4200 30300
4100 30300 4300 30100
4290 30300 4300 30150
6600 800 6010 800
6600 2000 6600 800
6700 2000 6700 800
7200 800 6700 800
7700 2000 7200 800
7500 700 6550 50
8000 2000 7500 700
6250 600 6250 500
6450 600 6450 500
6450 500 6250 500
6450 600 6250 600
6450 600 6250 500
6200 100 6100 100
6300 300 6200 100
6100 100 6300 300
6290 150 6300 300
6010 2800 6600 2800
6600 2800 6600 4000
6700 2800 6700 4000
6700 2800 7200 2800
7200 2800 7700 4000
6550 2050 7500 2700
7500 2700 8000 4000
6250 2500 6250 2600
6450 2500 6450 2600
6250 2500 6450 2500
6250 2600 6450 2600
6250 2500 6450 2600
6100 2100 6200 2100
6200 2100 6300 2300
6300 2300 6100 2100
6300 2300 6290 2150
6600 4800 6010 4800
6600 6000 6600 4800
6700 6000 6700 4800
7200 4800 6700 4800
7700 6000 7200 4800
7500 4700 6550 4050
8000 6000 7500 4700
6250 4600 6250 4500
6450 4600 6450 4500
6450 4500 6250 4500
6450 4600 6250 4600
6450 4600 6250 4500
6200 4100 6100 4100
6300 4300 6200 4100
6100 4100 6300 4300
6290 4150 6300 4300
6600 6800 6010 6800
6600 8000 6600 6800
6700 8000 6700 6800
7200 6800 6700 6800
7700 8000 7200 6800
7500 6700 6550 6050
8000 8000 7500 6700
6250 6600 6250 6500
6450 6600 6450 6500
6450 6500 6250 6500
6450 6600 6250 6600
6450 6600 6250 6500
6200 6100 6100 6100
6300 6300 6200 6100
6100 6100 6300 6300
6290 6150 6300 6300
6010 8800 6600 8800
6600 8800 6600 10000
6700 8800 6700 10000
6700 8800 7200 8800
7200 8800 7700 10000
6550 8050 7500 8700
7500 8700 8000 10000
6250 8500 6250 8600
6450 8500 6450 8600
6250 8500 6450 8500
6250 8600 6450 8600
6250 8500 6450 8600
6100 8100 6200 8100
6200 8100 6300 8300
6300 8300 6100 8100
6300 8300 6290 8150
6010 10800 6600 10800
6600 10800 6600 12000
6700 10800 6700 12000
6700 10800 7200 10800
7200 10800 7700 12000
6550 10050 7500 10700
7500 10700 8000 12000
6250 10500 6250 10600
6450 10500 6450 10600
6250 10500 6450 10500
6250 10600 6450 10600
6250 10500 6450 10600
6100 10100 6200 10100
6200 10100 6300 10300
6300 10300 6100 10100
6300 10300 6290 10150
6600 12800 6010 12800
6600 14000 6600 12800
6700 14000 6700 12800
7200 12800 6700 12800
7700 14000 7200 12800
7500 12700 6550 12050
8000 14000 7500 12700
6250 12600 6250 12500
6450 12600 6450 12500
6450 12500 6250 12500
6450 12600 6250 12600
6450 12600 6250 12500
6200 12100 6100 12100
6300 12300 6200 12100
6100 12100 6300 12300
6290 12150 6300 12300
6010 14800 6600 14800
6600 16000 6600 14800
6700 16000 6700 14800
6700 14800 7200 14800
7200 16000 7700 14800
6550 14700 7500 14050
7500 16000 8000 14700
6250 14600 6250 14500
6450 14600 6450 14500
6250 14500 6450 14500
6250 14600 6450 14600
6250 14600 6450 14500
6100 14100 6200 14100
6200 14300 6300 14100
6300 14100 6100 14300
6300 14150 6290 14300
6010 16800 6600 16800
6600 16800 6600 18000
6700 16800 6700 18000
6700 16800 7200 16800
7200 16800 7700 18000
6550 16050 7500 16700
7500 16700 8000 18000
6250 16500 6250 16600
6450 16500 6450 16600
6250 16500 6450 16500
6250 16600 6450 16600
6250 16500 6450 16600
6100 16100 6200 16100
6200 16100 6300 16300
6300 16300 6100 16100
6300 16300 6290 16150
6010 18800 6600 18800
6600 18800 6600 20000
6700 18800 6700 20000
6700 18800 7200 18800
7200 18800 7700 20000
6550 18050 7500 18700
7500 18700 8000 20000
6250 18500 6250 18600
6450 18500 6450 18600
6250 18500 6450 18500
6250 18600 6450 18600
6250 18500 6450 18600
6100 18100 6200 18100
6200 18100 6300 18300
6300 18300 6100 18100
6300 18300 6290 18150
6600 20800 6010 20800
6600 20800 6600 22000
6700 20800 6700 22000
7200 20800 6700 20800
7700 20800 7200 22000
7500 20050 6550 20700
8000 20700 7500 22000
6250 20500 6250 20600
6450 20500 6450 20600
6450 20500 6250 20500
6450 20600 6250 20600
6450 20500 6250 20600
6200 20100 6100 20100
6300 20100 6200 20300
6100 20300 6300 20100
6290 20300 6300 20150
6010 22800 6600 22800
6600 24000 6600 22800
6700 24000 6700 22800
6700 22800 7200 22800
7200 24000 7700 22800
6550 22700 7500 22050
7500 24000 8000 22700
6250 22600 6250 22500
6450 22600 6450 22500
6250 22500 6450 22500
6250 22600 6450 22600
6250 22600 6450 22500
6100 22100 6200 22100
6200 22300 6300 22100
6300 22100 6100 22300
6300 22150 6290 22300
6600 24800 6010 24800
6600 26000 6600 24800
6700 26000 6700 24800
7200 24800 6700 24800
7700 26000 7200 24800
7500 24700 6550 24050
8000 26000 7500 24700
6250 24600 6250 24500
6450 24600 6450 24500
6450 24500 6250 24500
6450 24600 6250 24600
6450 24600 6250 24500
6200 24100 6100 24100
6300 24300 6200 24100
6100 24100 6300 24300
6290 24150 6300 24300
6600 26800 6010 26800
6600 28000 6600 26800
6700 28000 6700 26800
7200 26800 6700 26800
7700 28000 7200 26800
7500 26700 6550 26050
8000 28000 7500 26700
6250 26600 6250 26500
6450 26600 6450 26500
6450 26500 6250 26500
6450 26600 6250 26600
6450 26600 6250 26500
6200 26100 6100 26100
6300 26300 6200 26100
6100 26100 6300 26300
6290 26150 6300 26300
6010 28800 6600 28800
6600 28800 6600 30000
6700 28800 6700 30000
6700 28800 7200 28800
7200 28800 7700 30000
6550 28050 7500 28700
7500 28700 8000 30000
6250 28500 6250 28600
6450 28500 6450 28600
6250 28500 6450 28500
6250 28600 6450 28600
6250 28500 6450 28600
6100 28100 6200 28100
6200 28100 6300 28300
6300 28300 6100 28100
6300 28300 6290 28150
6010 30800 6600 30800
6600 30800 6600 32000
6700 30800 6700 32000
6700 30800 7200 30800
7200 30800 7700 32000
6550 30050 7500 30700
7500 30700 8000 32000
6250 30500 6250 30600
6450 30500 6450 30600
6250 30500 6450 30500
6250 30600 6450 30600
6250 30500 6450 30600
6100 30100 6200 30100
6200 30100 6300 30300
6300 30300 6100 30100
6300 30300 6290 30150
8010 800 8600 800
8600 800 8600 2000
8700 800 8700 2000
8700 800 9200 800
9200 800 9700 2000
8550 50 9500 700
9500 700 10000 2000
8250 500 8250 600
8450 500 8450 600
8250 500 8450 500
8250 600 8450 600
8250 500 8450 600
8100 100 8200 100
8200 100 8300 300
8300 300 8100 100
8300 300 8290 150
8600 2800 8010 2800
8600 2800 8600 4000
8700 2800 8700 4000
9200 2800 8700 2800
9700 2800 9200 4000
9500 2050 8550 2700
10000 2700 9500 4000
8250 2500 8250 2600
8450 2500 8450 2600
8450 2500 8250 2500
8450 2600 8250 2600
8450 2500 8250 2600
8200 2100 8100 2100
8300 2100 8200 2300
8100 2300 8300 2100
8290 2300 8300 2150
8600 4800 8010 4800
8600 6000 8600 4800
8700 6000 8700 4800
9200 4800 8700 4800
9700 6000 9200 4800
9500 4700 8550 4050
10000 6000 9500 4700
8250 4600 8250 4500
8450 4600 8450 4500
8450 4500 8250 4500
8450 4600 8250 4600
8450 4600 8250 4500
8200 4100 8100 4100
8300 4300 8200 4100
8100 4100 8300 4300
8290 4150 8300 4300
8600 6800 8010 6800
8600 6800 8600 8000
8700 6800 8700 8000
9200 6800 8700 6800
9700 6800 9200 8000
9500 6050 8550 6700
10000 6700 9500 8000
8250 6500 8250 6600
8450 6500 8450 6600
8450 6500 8250 6500
8450 6600 8250 6600
8450 6500 8250 6600
8200 6100 8100 6100
8300 6100 8200 6300
8100 6300 8300 6100
8290 6300 8300 6150
8010 8800 8600 8800
8600 8800 8600 10000
8700 8800 8700 10000
8700 8800 9200 8800
9200 8800 9700 10000
8550 8050 9500 8700
9500 8700 10000 10000
8250 8500 8250 8600
8450 8500 8450 8600
8250 8500 8450 8500
8250 8600 8450 8600
8250 8500 8450 8600
8100 8100 8200 8100
8200 8100 8300 8300
8300 8300 8100 8100
8300 8300 8290 8150
8010 10800 8600 10800
8600 10800 8600 12000
8700 10800 8700 12000
8700 10800 9200 10800
9200 10800 9700 12000
8550 10050 9500 10700
9500 10700 10000 12000
8250 10500 8250 10600
8450 10500 8450 10600
8250 10500 8450 10500
8250 10600 8450 10600
8250 10500 8450 10600
8100 10100 8200 10100
8200 10100 8300 10300
8300 10300 8100 10100
8300 10300 8290 10150
8010 12800 8600 12800
8600 12800 8600 14000
8700 12800 8700 14000
8700 12800 9200 12800
9200 12800 9700 14000
8550 12050 9500 12700
9500 12700 10000 14000
8250 12500 8250 12600
8450 12500 8450 12600
8250 12500 8450 12500
8250 12600 8450 12600
8250 12500 8450 12600
8100 12100 8200 12100
8200 12100 8300 12300
8300 12300 8100 12100
8300 12300 8290 12150
8600 14800 8010 14800
8600 14800 8600 16000
8700 14800 8700 16000
9200 14800 8700 14800
9700 14800 9200 16000
9500 14050 8550 14700
10000 14700 9500 16000
8250 14500 8250 14600
8450 14500 8450 14600
8450 14500 8250 14500
8450 14600 8250 14600
8450 14500 8250 14600
8200 14100 8100 14100
8300 14100 8200 14300
8100 14300 8300 14100
8290 14300 8300 14150
8010 16800 8600 16800
8600 16800 8600 18000
8700 16800 8700 18000
8700 16800 9200 16800
9200 16800 9700 18000
8550 16050 9500 16700
9500 16700 10000 18000
8250 16500 8250 16600
8450 16500 8450 16600
8250 16500 8450 16500
8250 16600 8450 16600
8250 16500 8450 16600
8100 16100 8200 16100
8200 16100 8300 16300
8300 16300 8100 16100
8300 16300 8290 16150
8010 18800 8600 18800
8600 18800 8600 20000
8700 18800 8700 20000
8700 18800 9200 18800
9200 18800 9700 20000
8550 18050 9500 18700
9500 18700 10000 20000
8250 18500 8250 18600
8450 18500 8450 18600
8250 18500 8450 18500
8250 18600 8450 18600
8250 18500 8450 18600
8100 18100 8200 18100
8200 18100 8300 18300
8300 18300 8100 18100
8300 18300 8290 18150
8600 20800 8010 20800
8600 22000 8600 20800
8700 22000 8700 20800
9200 20800 8700 20800
9700 22000 9200 20800
9500 20700 8550 20050
10000 22000 9500 20700
8250 20600 8250 20500
8450 20600 8450 20500
8450 20500 8250 20500
8450 20600 8250 20600
8450 20600 8250 20500
8200 20100 8100 20100
8300 20300 8200 20100
8100 20100 8300 20300
8290 20150 8300 20300
8600 22800 8010 22800
8600 22800 8600 24000
8700 22800 8700 24000
9200 22800 8700 22800
9700 22800 9200 24000
9500 22050 8550 22700
10000 22700 9500 24000
8250 22500 8250 22600
8450 22500 8450 22600
8450 22500 8250 22500
8450 22600 8250 22600
8450 22500 8250 22600
8200 22100 8100 22100
8300 22100 8200 22300
8100 22300 8300 22100
8290 22300 8300 22150
8600 24800 8010 24800
8600 26000 8600 24800
8700 26000 8700 24800
9200 24800 8700 24800
9700 26000 9200 24800
9500 24700 8550 24050
10000 26000 9500 24700
8250 24600 8250 24500
8450 24600 8450 24500
8450 24500 8250 24500
8450 24600 8250 24600
8450 24600 8250 24500
8200 24100 8100 24100
8300 24300 8200 24100
8100 24100 8300 24300
8290 24150 8300 24300
8010 26800 8600 26800
8600 26800 8600 28000
8700 26800 8700 28000
8700 26800 9200 26800
9200 26800 9700 28000
8550 26050 9500 26700
9500 26700 10000 28000
8250 26500 8250 26600
8450 26500 8450 26600
8250 26500 8450 26500
8250 26600 8450 26600
8250 26500 8450 26600
8100 26100 8200 26100
8200 26100 8300 26300
8300 26300 8100 26100
8300 26300 8290 26150
8600 28800 8010 28800
8600 30000 8600 28800
8700 30000 8700 28800
9200 28800 8700 28800
9700 30000 9200 28800
9500 28700 8550 28050
10000 30000 9500 28700
8250 28600 8250 28500
8450 28600 8450 28500
8450 28500 8250 28500
8450 28600 8250 28600
8450 28600 8250 28500
8200 28100 8100 28100
8300 28300 8200 28100
8100 28100 8300 28300
8290 28150 8300 28300
8010 30800 8600 30800
8600 30800 8600 32000
8700 30800 8700 32000
8700 30800 9200 30800
9200 30800 9700 32000
8550 30050 9500 30700
9500 30700 10000 32000
8250 30500 8250 30600
8450 30500 8450 30600
8250 30500 8450 30500
8250 30600 8450 30600
8250 30500 8450 30600
8100 30100 8200 30100
8200 30100 8300 30300
8300 30300 8100 30100
8300 30300 8290 30150
10600 800 10010 800
10600 2000 10600 800
10700 2000 10700 800
11200 800 10700 800
11700 2000 11200 800
11500 700 10550 50
12000 2000 11500 700
10250 600 10250 500
10450 600 10450 500
10450 500 10250 500
10450 600 10250 600
10450 600 10250 500
10200 100 10100 100
10300 300 10200 100
10100 100 10300 300
10290 150 10300 300
10010 2800 10600 2800
10600 4000 10600 2800
10700 4000 10700 2800
10700 2800 11200 2800
11200 4000 11700 2800
10550 2700 11500 2050
11500 4000 12000 2700
10250 2600 10250 2500
10450 2600 10450 2500
10250 2500 10450 2500
10250 2600 10450 2600
10250 2600 10450 2500
10100 2100 10200 2100
10200 2300 10300 2100
10300 2100 10100 2300
10300 2150 10290 2300
10010 4800 10600 4800
10600 4800 10600 6000
10700 4800 10700 6000
10700 4800 11200 4800
11200 4800 11700 6000
10550 4050 11500 4700
11500 4700 12000 6000
10250 4500 10250 4600
10450 4500 10450 4600
10250 4500 10450 4500
10250 4600 10450 4600
10250 4500 10450 4600
10100 4100 10200 4100
10200 4100 10300 4300
10300 4300 10100 4100
10300 4300 10290 4150
10600 6800 10010 6800
10600 8000 10600 6800
10700 8000 10700 6800
11200 6800 10700 6800
11700 8000 11200 6800
11500 6700 10550 6050
12000 8000 11500 6700
10250 6600 10250 6500
10450 6600 10450 6500
10450 6500 10250 6500
10450 6600 10250 6600
10450 6600 10250 6500
10200 6100 10100 6100
10300 6300 10200 6100
10100 6100 10300 6300
10290 6150 10300 6300
10600 8800 10010 8800
10600 10000 10600 8800
10700 10000 10700 8800
11200 8800 10700 8800
11700 10000 11200 8800
11500 8700 10550 8050
12000 10000 11500 8700
10250 8600 10250 8500
10450 8600 10450 8500
10450 8500 10250 8500
10450 8600 10250 8600
10450 8600 10250 8500
10200 8100 10100 8100
10300 8300 10200 8100
10100 8100 10300 8300
10290 8150 10300 8300
10010 10800 10600 10800
10600 12000 10600 10800
10700 12000 10700 10800
10700 10800 11200 10800
11200 12000 11700 10800
10550 10700 11500 10050
11500 12000 12000 10700
10250 10600 10250 10500
10450 10600 10450 10500
10250 10500 10450 10500
10250 10600 10450 10600
10250 10600 10450 10500
10100 10100 10200 10100
10200 10300 10300 10100
10300 10100 10100 10300
10300 10150 10290 10300
10010 12800 10600 12800
10600 12800 10600 14000
10700 12800 10700 14000
10700 12800 11200 12800
11200 12800 11700 14000
10550 12050 11500 12700
11500 12700 12000 14000
10250 12500 10250 12600
10450 12500 10450 12600
10250 12500 10450 12500
10250 12600 10450 12600
10250 12500 10450 12600
10100 12100 10200 12100
10200 12100 10300 12300
10300 12300 10100 12100
10300 12300 10290 12150
10010 14800 10600 14800
10600 14800 10600 16000
10700 14800 10700 16000
10700 14800 11200 14800
11200 14800 11700 16000
10550 14050 11500 14700
11500 14700 12000 16000
10250 14500 10250 14600
10450 14500 10450 14600
10250 14500 10450 14500
10250 14600 10450 14600
10250 14500 10450 14600
10100 14100 10200 14100
10200 14100 10300 14300
10300 14300 10100 14100
10300 14300 10290 14150
10010 16800 10600 16800
10600 16800 10600 18000
10700 16800 10700 18000
10700 16800 11200 16800
11200 16800 11700 18000
10550 16050 11500 16700
11500 16700 12000 18000
10250 16500 10250 16600
10450 16500 10450 16600
10250 16500 10450 16500
10250 16600 10450 16600
10250 16500 10450 16600
10100 16100 10200 16100
10200 16100 10300 16300
10300 16300 10100 16100
10300 16300 10290 16150
10600 18800 10010 18800
10600 18800 10600 20000
10700 18800 10700 20000
11200 18800 10700 18800
11700 18800 11200 20000
11500 18050 10550 18700
12000 18700 11500 20000
10250 18500 10250 18600
10450 18500 10450 18600
10450 18500 10250 18500
10450 18600 10250 18600
10450 18500 10250 18600
10200 18100 10100 18100
10300 18100 10200 18300
10100 18300 10300 18100
10290 18300 10300 18150
10010 20800 10600 20800
10600 22000 10600 20800
10700 22000 10700 20800
10700 20800 11200 20800
11200 22000 11700 20800
10550 20700 11500 20050
11500 22000 12000 20700
10250 20600 10250 20500
10450 20600 10450 20500
10250 20500 10450 20500
10250 20600 10450 20600
10250 20600 10450 20500
10100 20100 10200 20100
10200 20300 10300 20100
10300 20100 10100 20300
10300 20150 10290 20300
10010 22800 10600 22800
10600 22800 10600 24000
10700 22800 10700 24000
10700 22800 11200 22800
11200 22800 11700 24000
10550 22050 11500 22700
11500 22700 12000 24000
10250 22500 10250 22600
10450 22500 10450 22600
10250 22500 10450 22500
10250 22600 10450 22600
10250 22500 10450 22600
10100 22100 10200 22100
10200 22100 10300 22300
10300 22300 10100 22100
10300 22300 10290 22150
10600 24800 10010 24800
10600 24800 10600 26000
10700 24800 10700 26000
11200 24800 10700 24800
11700 24800 11200 26000
11500 24050 10550 24700
12000 24700 11500 26000
10250 24500 10250 24600
10450 24500 10450 24600
10450 24500 10250 24500
10450 24600 10250 24600
10450 24500 10250 24600
10200 24100 10100 24100
10300 24100 10200 24300
10100 24300 10300 24100
10290 24300 10300 24150
10010 26800 10600 26800
10600 28000 10600 26800
10700 28000 10700 26800
10700 26800 11200 26800
11200 28000 11700 26800
10550 26700 11500 26050
11500 28000 12000 26700
10250 26600 10250 26500
10450 26600 10450 26500
10250 26500 10450 26500
10250 26600 10450 26600
10250 26600 10450 26500
10100 26100 10200 26100
10200 26300 10300 26100
10300 26100 10100 26300
10300 26150 10290 26300
10600 28800 10010 28800
10600 28800 10600 30000
10700 28800 10700 30000
11200 28800 10700 28800
11700 28800 11200 30000
11500 28050 10550 28700
12000 28700 11500 30000
10250 28500 10250 28600
10450 28500 10450 28600
10450 28500 10250 28500
10450 28600 10250 28600
10450 28500 10250 28600
10200 28100 10100 28100
10300 28100 10200 28300
10100 28300 10300 28100
10290 28300 10300 28150
10010 30800 10600 30800
10600 30800 10600 32000
10700 30800 10700 32000
10700 30800 11200 30800
11200 30800 11700 32000
10550 30050 11500 30700
11500 30700 12000 32000
10250 30500 10250 30600
10450 30500 10450 30600
10250 30500 10450 30500
10250 30600 10450 30600
10250 30500 10450 30600
10100 30100 10200 30100
10200 30100 10300 30300
10300 30300 10100 30100
10300 30300 10290 30150
12010 800 12600 800
12600 2000 12600 800
12700 2000 12700 800
12700 800 13200 800
13200 2000 13700 800
12550 700 13500 50
13500 2000 14000 700
12250 600 12250 500
12450 600 12450 500
12250 500 12450 500
12250 600 12450 600
12250 600 12450 500
12100 100 12200 100
12200 300 12300 100
12300 100 12100 300
12300 150 12290 300
12010 2800 12600 2800
12600 2800 12600 4000
12700 2800 12700 4000
12700 2800 13200 2800
13200 2800 13700 4000
12550 2050 13500 2700
13500 2700 14000 4000
12250 2500 12250 2600
12450 2500 12450 2600
12250 2500 12450 2500
12250 2600 12450 2600
12250 2500 12450 2600
12100 2100 12200 2100
12200 2100 12300 2300
12300 2300 12100 2100
12300 2300 12290 2150
12600 4800 12010 4800
12600 6000 12600 4800
12700 6000 12700 4800
13200 4800 12700 4800
13700 6000 13200 4800
13500 4700 12550 4050
14000 6000 13500 4700
12250 4600 12250 4500
12450 4600 12450 4500
12450 4500 12250 4500
12450 4600 12250 4600
12450 4600 12250 4500
12200 4100 12100 4100
12300 4300 12200 4100
12100 4100 12300 4300
12290 4150 12300 4300
12600 6800 12010 6800
12600 8000 12600 6800
12700 8000 12700 6800
13200 6800 12700 6800
13700 8000 13200 6800
13500 6700 12550 6050
14000 8000 13500 6700
12250 6600 12250 6500
12450 6600 12450 6500
12450 6500 12250 6500
12450 6600 12250 6600
12450 6600 12250 6500
12200 6100 12100 6100
12300 6300 12200 6100
12100 6100 12300 6300
12290 6150 12300 6300
12600 8800 12010 8800
12600 10000 12600 8800
12700 10000 12700 8800
13200 8800 12700 8800
13700 10000 13200 8800
13500 8700 12550 8050
14000 10000 13500 8700
12250 8600 12250 8500
12450 8600 12450 8500
12450 8500 12250 8500
12450 8600 12250 8600
12450 8600 12250 8500
12200 8100 12100 8100
12300 8300 12200 8100
12100 8100 12300 8300
12290 8150 12300 8300
12010 10800 12600 10800
12600 12000 12600 10800
12700 12000 12700 10800
12700 10800 13200 10800
13200 12000 13700 10800
12550 10700 13500 10050
13500 12000 14000 10700
12250 10600 12250 10500
12450 10600 12450 10500
12250 10500 12450 10500
12250 10600 12450 10600
12250 10600 12450 10500
12100 10100 12200 10100
12200 10300 12300 10100
12300 10100 12100 10300
12300 10150 12290 10300
12010 12800 12600 12800
12600 14000 12600 12800
12700 14000 12700 12800
12700 12800 13200 12800
13200 14000 13700 12800
12550 12700 13500 12050
13500 14000 14000 12700
12250 12600 12250 12500
12450 12600 12450 12500
12250 12500 12450 12500
12250 12600 12450 12600
12250 12600 12450 12500
12100 12100 12200 12100
12200 12300 12300 12100
12300 12100 12100 12300
12300 12150 12290 12300
12600 14800 12010 14800
12600 14800 12600 16000
12700 14800 12700 16000
13200 14800 12700 14800
13700 14800 13200 16000
13500 14050 12550 14700
14000 14700 13500 16000
12250 14500 12250 14600
12450 14500 12450 14600
12450 14500 12250 14500
12450 14600 12250 14600
12450 14500 12250 14600
12200 14100 12100 14100
12300 14100 12200 14300
12100 14300 12300 14100
12290 14300 12300 14150
12010 16800 12600 16800
12600 18000 12600 16800
12700 18000 12700 16800
12700 16800 13200 16800
13200 18000 13700 16800
12550 16700 13500 16050
13500 18000 14000 16700
12250 16600 12250 16500
12450 16600 12450 16500
12250 16500 12450 16500
12250 16600 12450 16600
12250 16600 12450 16500
12100 16100 12200 16100
12200 16300 12300 16100
12300 16100 12100 16300
12300 16150 12290 16300
12600 18800 12010 18800
12600 18800 12600 20000
12700 18800 12700 20000
13200 18800 12700 18800
13700 18800 13200 20000
13500 18050 12550 18700
14000 18700 13500 20000
12250 18500 12250 18600
12450 18500 12450 18600
12450 18500 12250 18500
12450 18600 12250 18600
12450 18500 12250 18600
12200 18100 12100 18100
12300 18100 12200 18300
12100 18300 12300 18100
12290 18300 12300 18150
12600 20800 12010 20800
12600 22000 12600 20800
12700 22000 12700 20800
13200 20800 12700 20800
13700 22000 13200 20800
13500 20700 12550 20050
14000 22000 13500 20700
12250 20600 12250 20500
12450 20600 12450 20500
12450 20500 12250 20500
12450 20600 12250 20600
12450 20600 12250 20500
12200 20100 12100 20100
12300 20300 12200 20100
12100 20100 12300 20300
12290 20150 12300 20300
12010 22800 12600 22800
12600 22800 12600 24000
12700 22800 12700 24000
12700 22800 13200 22800
13200 22800 13700 24000
12550 22050 13500 22700
13500 22700 14000 24000
12250 22500 12250 22600
12450 22500 12450 22600
12250 22500 12450 22500
12250 22600 12450 22600
12250 22500 12450 22600
12100 22100 12200 22100
12200 22100 12300 22300
12300 22300 12100 22100
12300 22300 12290 22150
12010 24800 12600 24800
12600 24800 12600 26000
12700 24800 12700 26000
12700 24800 13200 24800
13200 24800 13700 26000
12550 24050 13500 24700
13500 24700 14000 26000
12250 24500 12250 24600
12450 24500 12450 24600
12250 24500 12450 24500
12250 24600 12450 24600
12250 24500 12450 24600
12100 24100 12200 24100
12200 24100 12300 24300
12300 24300 12100 24100
12300 24300 12290 24150
12010 26800 12600 26800
12600 28000 12600 26800
12700 28000 12700 26800
12700 26800 13200 26800
13200 28000 13700 26800
12550 26700 13500 26050
13500 28000 14000 26700
12250 26600 12250 26500
12450 26600 12450 26500
12250 26500 12450 26500
12250 26600 12450 26600
12250 26600 12450 26500
12100 26100 12200 26100
12200 26300 12300 26100
12300 26100 12100 26300
12300 26150 12290 26300
12010 28800 12600 28800
12600 28800 12600 30000
12700 28800 12700 30000
12700 28800 13200 28800
13200 28800 13700 30000
12550 28050 13500 28700
13500 28700 14000 30000
12250 28500 12250 28600
12450 28500 12450 28600
12250 28500 12450 28500
12250 28600 12450 28600
12250 28500 12450 28600
12100 28100 12200 28100
12200 28100 12300 28300
12300 28300 12100 28100
12300 28300 12290 28150
12010 30800 12600 30800
12600 32000 12600 30800
12700 32000 12700 30800
12700 30800 13200 30800
13200 32000 13700 30800
12550 30700 13500 30050
13500 32000 14000 30700
12250 30600 12250 30500
12450 30600 12450 30500
12250 30500 12450 30500
12250 30600 12450 30600
12250 30600 12450 30500
12100 30100 12200 30100
12200 30300 12300 30100
12300 30100 12100 30300
12300 30150 12290 30300
14600 800 14010 800
14600 800 14600 2000
14700 800 14700 2000
15200 800 14700 800
15700 800 15200 2000
15500 50 14550 700
16000 700 15500 2000
14250 500 14250 600
14450 500 14450 600
14450 500 14250 500
14450 600 14250 600
14450 500 14250 600
14200 100 14100 100
14300 100 14200 300
14100 300 14300 100
14290 300 14300 150
14010 2800 14600 2800
14600 2800 14600 4000
14700 2800 14700 4000
14700 2800 15200 2800
15200 2800 15700 4000
14550 2050 15500 2700
15500 2700 16000 4000
14250 2500 14250 2600
14450 2500 14450 2600
14250 2500 14450 2500
14250 2600 14450 2600
14250 2500 14450 2600
14100 2100 14200 2100
14200 2100 14300 2300
14300 2300 14100 2100
14300 2300 14290 2150
14010 4800 14600 4800
14600 4800 14600 6000
14700 4800 14700 6000
14700 4800 15200 4800
15200 4800 15700 6000
14550 4050 15500 4700
15500 4700 16000 6000
14250 4500 14250 4600
14450 4500 14450 4600
14250 4500 14450 4500
14250 4600 14450 4600
14250 4500 14450 4600
14100 4100 14200 4100
14200 4100 14300 4300
14300 4300 14100 4100
14300 4300 14290 4150
14600 6800 14010 6800
14600 6800 14600 8000
14700 6800 14700 8000
15200 6800 14700 6800
15700 6800 15200 8000
15500 6050 14550 6700
16000 6700 15500 8000
14250 6500 14250 6600
14450 6500 14450 6600
14450 6500 14250 6500
14450 6600 14250 6600
14450 6500 14250 6600
14200 6100 14100 6100
14300 6100 14200 6300
14100 6300 14300 6100
14290 6300 14300 6150
14600 8800 14010 8800
14600 10000 14600 8800
14700 10000 14700 8800
15200 8800 14700 8800
15700 10000 15200 8800
15500 8700 14550 8050
16000 10000 15500 8700
14250 8600 14250 8500
14450 8600 14450 8500
14450 8500 14250 8500
14450 8600 14250 8600
14450 8600 14250 8500
14200 8100 14100 8100
14300 8300 14200 8100
14100 8100 14300 8300
14290 8150 14300 8300
14600 10800 14010 10800
14600 12000 14600 10800
14700 12000 14700 10800
15200 10800 14700 10800
15700 12000 15200 10800
15500 10700 14550 10050
16000 12000 15500 10700
14250 10600 14250 10500
14450 10600 14450 10500
14450 10500 14250 10500
14450 10600 14250 10600
14450 10600 14250 10500
14200 10100 14100 10100
14300 10300 14200 10100
14100 10100 14300 10300
14290 10150 14300 10300
14010 12800 14600 12800
14600 14000 14600 12800
14700 14000 14700 12800
14700 12800 15200 12800
15200 14000 15700 12800
14550 12700 15500 12050
15500 14000 16000 12700
14250 12600 14250 12500
14450 12600 14450 12500
14250 12500 14450 12500
14250 12600 14450 12600
14250 12600 14450 12500
14100 12100 14200 12100
14200 12300 14300 12100
14300 12100 14100 12300
14300 12150 14290 12300
14010 14800 14600 14800
14600 16000 14600 14800
14700 16000 14700 14800
14700 14800 15200 14800
15200 16000 15700 14800
14550 14700 15500 14050
15500 16000 16000 14700
14250 14600 14250 14500
14450 14600 14450 14500
14250 14500 14450 14500
14250 14600 14450 14600
14250 14600 14450 14500
14100 14100 14200 14100
14200 14300 14300 14100
14300 14100 14100 14300
14300 14150 14290 14300
14010 16800 14600 16800
14600 18000 14600 16800
14700 18000 14700 16800
14700 16800 15200 16800
15200 18000 15700 16800
14550 16700 15500 16050
15500 18000 16000 16700
14250 16600 14250 16500
14450 16600 14450 16500
14250 16500 14450 16500
14250 16600 14450 16600
14250 16600 14450 16500
14100 16100 14200 16100
14200 16300 14300 16100
14300 16100 14100 16300
14300 16150 14290 16300
14010 18800 14600 18800
14600 20000 14600 18800
14700 20000 14700 18800
14700 18800 15200 18800
15200 20000 15700 18800
14550 18700 15500 18050
15500 20000 16000 18700
14250 18600 14250 18500
14450 18600 14450 18500
14250 18500 14450 18500
14250 18600 14450 18600
14250 18600 14450 18500
14100 18100 14200 18100
14200 18300 14300 18100
14300 18100 14100 18300
14300 18150 14290 18300
14010 20800 14600 20800
14600 22000 14600 20800
14700 22000 14700 20800
14700 20800 15200 20800
15200 22000 15700 20800
14550 20700 15500 20050
15500 22000 16000 20700
14250 20600 14250 20500
14450 20600 14450 20500
14250 20500 14450 20500
14250 20600 14450 20600
14250 20600 14450 20500
14100 20100 14200 20100
14200 20300 14300 20100
14300 20100 14100 20300
14300 20150 14290 20300
14010 22800 14600 22800
14600 22800 14600 24000
14700 22800 14700 24000
14700 22800 15200 22800
15200 22800 15700 24000
14550 22050 15500 22700
15500 22700 16000 24000
14250 22500 14250 22600
14450 22500 14450 22600
14250 22500 14450 22500
14250 22600 14450 22600
14250 22500 14450 22600
14100 22100 14200 22100
14200 22100 14300 22300
14300 22300 14100 22100
14300 22300 14290 22150
14010 24800 14600 24800
14600 24800 14600 26000
14700 24800 14700 26000
14700 24800 15200 24800
15200 24800 15700 26000
14550 24050 15500 24700
15500 24700 16000 26000
14250 24500 14250 24600
14450 24500 14450 24600
14250 24500 14450 24500
14250 24600 14450 24600
14250 24500 14450 24600
14100 24100 14200 24100
14200 24100 14300 24300
14300 24300 14100 24100
14300 24300 14290 24150
14600 26800 14010 26800
14600 28000 14600 26800
14700 28000 14700 26800
15200 26800 14700 26800
15700 28000 15200 26800
15500 26700 14550 26050
16000 28000 15500 26700
14250 26600 14250 26500
14450 26600 14450 26500
14450 26500 14250 26500
14450 26600 14250 26600
14450 26600 14250 26500
14200 26100 14100 26100
14300 26300 14200 26100
14100 26100 14300 26300
14290 26150 14300 26300
14600 28800 14010 28800
14600 28800 14600 30000
14700 28800 14700 30000
15200 28800 14700 28800
15700 28800 15200 30000
15500 28050 14550 28700
16000 28700 15500 30000
14250 28500 14250 28600
14450 28500 14450 28600
14450 28500 14250 28500
14450 28600 14250 28600
14450 28500 14250 28600
14200 28100 14100 28100
14300 28100 14200 28300
14100 28300 14300 28100
14290 28300 14300 28150
14010 30800 14600 30800
14600 32000 14600 30800
14700 32000 14700 30800
14700 30800 15200 30800
15200 32000 15700 30800
14550 30700 15500 30050
15500 32000 16000 30700
14250 30600 14250 30500
14450 30600 14450 30500
14250 30500 14450 30500
14250 30600 14450 30600
14250 30600 14450 30500
14100 30100 14200 30100
14200 30300 14300 30100
14300 30100 14100 30300
14300 30150 14290 30300
16010 800 16600 800
16600 800 16600 2000
16700 800 16700 2000
16700 800 17200 800
17200 800 17700 2000
16550 50 17500 700
17500 700 18000 2000
16250 500 16250 600
16450 500 16450 600
16250 500 16450 500
16250 600 16450 600
16250 500 16450 600
16100 100 16200 100
16200 100 16300 300
16300 300 16100 100
16300 300 16290 150
16010 2800 16600 2800
16600 2800 16600 4000
16700 2800 16700 4000
16700 2800 17200 2800
17200 2800 17700 4000
16550 2050 17500 2700
17500 2700 18000 4000
16250 2500 16250 2600
16450 2500 16450 2600
16250 2500 16450 2500
16250 2600 16450 2600
16250 2500 16450 2600
16100 2100 16200 2100
16200 2100 16300 2300
16300 2300 16100 2100
16300 2300 16290 2150
16600 4800 16010 4800
16600 4800 16600 6000
16700 4800 16700 6000
17200 4800 16700 4800
17700 4800 17200 6000
17500 4050 16550 4700
18000 4700 17500 6000
16250 4500 16250 4600
16450 4500 16450 4600
16450 4500 16250 4500
16450 4600 16250 4600
16450 4500 16250 4600
16200 4100 16100 4100
16300 4100 16200 4300
16100 4300 16300 4100
16290 4300 16300 4150
16010 6800 16600 6800
16600 6800 16600 8000
16700 6800 16700 8000
16700 6800 17200 6800
17200 6800 17700 8000
16550 6050 17500 6700
17500 6700 18000 8000
16250 6500 16250 6600
16450 6500 16450 6600
16250 6500 16450 6500
16250 6600 16450 6600
16250 6500 16450 6600
16100 6100 16200 6100
16200 6100 16300 6300
16300 6300 16100 6100
16300 6300 16290 6150
16010 8800 16600 8800
16600 8800 16600 10000
16700 8800 16700 10000
16700 8800 17200 8800
17200 8800 17700 10000
16550 8050 17500 8700
17500 8700 18000 10000
16250 8500 16250 8600
16450 8500 16450 8600
16250 8500 16450 8500
16250 8600 16450 8600
16250 8500 16450 8600
16100 8100 16200 8100
16200 8100 16300 8300
16300 8300 16100 8100
16300 8300 16290 8150
16010 10800 16600 10800
16600 10800 16600 12000
16700 10800 16700 12000
16700 10800 17200 10800
17200 10800 17700 12000
16550 10050 17500 10700
17500 10700 18000 12000
16250 10500 16250 10600
16450 10500 16450 10600
16250 10500 16450 10500
16250 10600 16450 10600
16250 10500 16450 10600
16100 10100 16200 10100
16200 10100 16300 10300
16300 10300 16100 10100
16300 10300 16290 10150
16010 12800 16600 12800
16600 12800 16600 14000
16700 12800 16700 14000
16700 12800 17200 12800
17200 12800 17700 14000
16550 12050 17500 12700
17500 12700 18000 14000
16250 12500 16250 12600
16450 12500 16450 12600
16250 12500 16450 12500
16250 12600 16450 12600
16250 12500 16450 12600
16100 12100 16200 12100
16200 12100 16300 12300
16300 12300 16100 12100
16300 12300 16290 12150
16600 14800 16010 14800
16600 14800 16600 16000
16700 14800 16700 16000
17200 14800 16700 14800
17700 14800 17200 16000
17500 14050 16550 14700
18000 14700 17500 16000
16250 14500 16250 14600
16450 14500 16450 14600
16450 14500 16250 14500
16450 14600 16250 14600
16450 14500 16250 14600
16200 14100 16100 14100
16300 14100 16200 14300
16100 14300 16300 14100
16290 14300 16300 14150
16010 16800 16600 16800
16600 16800 16600 18000
16700 16800 16700 18000
16700 16800 17200 16800
17200 16800 17700 18000
16550 16050 17500 16700
17500 16700 18000 18000
16250 16500 16250 16600
16450 16500 16450 16600
16250 16500 16450 16500
16250 16600 16450 16600
16250 16500 16450 16600
16100 16100 16200 16100
16200 16100 16300 16300
16300 16300 16100 16100
16300 16300 16290 16150
16600 18800 16010 18800
16600 20000 16600 18800
16700 20000 16700 18800
17200 18800 16700 18800
17700 20000 17200 18800
17500 18700 16550 18050
18000 20000 17500 18700
16250 18600 16250 18500
16450 18600 16450 18500
16450 18500 16250 18500
16450 18600 16250 18600
16450 18600 16250 18500
16200 18100 16100 18100
16300 18300 16200 18100
16100 18100 16300 18300
16290 18150 16300 18300
16010 20800 16600 20800
16600 20800 16600 22000
16700 20800 16700 22000
16700 20800 17200 20800
17200 20800 17700 22000
16550 20050 17500 20700
17500 20700 18000 22000
16250 20500 16250 20600
16450 20500 16450 20600
16250 20500 16450 20500
16250 20600 16450 20600
16250 20500 16450 20600
16100 20100 16200 20100
16200 20100 16300 20300
16300 20300 16100 20100
16300 20300 16290 20150
16600 22800 16010 22800
16600 24000 16600 22800
16700 24000 16700 22800
17200 22800 16700 22800
17700 24000 17200 22800
17500 22700 16550 22050
18000 24000 17500 22700
16250 22600 16250 22500
16450 22600 16450 22500
16450 22500 16250 22500
16450 22600 16250 22600
16450 22600 16250 22500
16200 22100 16100 22100
16300 22300 16200 22100
16100 22100 16300 22300
16290 22150 16300 22300
16010 24800 16600 24800
16600 26000 16600 24800
16700 26000 16700 24800
16700 24800 17200 24800
17200 26000 17700 24800
16550 24700 17500 24050
17500 26000 18000 24700
16250 24600 16250 24500
16450 24600 16450 24500
16250 24500 16450 24500
16250 24600 16450 24600
16250 24600 16450 24500
16100 24100 16200 24100
16200 24300 16300 24100
16300 24100 16100 24300
16300 24150 16290 24300
16010 26800 16600 26800
16600 26800 16600 28000
16700 26800 16700 28000
16700 26800 17200 26800
17200 26800 17700 28000
16550 26050 17500 26700
17500 26700 18000 28000
16250 26500 16250 26600
16450 26500 16450 26600
16250 26500 16450 26500
16250 26600 16450 26600
16250 26500 16450 26600
16100 26100 16200 26100
16200 26100 16300 26300
16300 26300 16100 26100
16300 26300 16290 26150
16600 28800 16010 28800
16600 28800 16600 30000
16700 28800 16700 30000
17200 28800 16700 28800
17700 28800 17200 30000
17500 28050 16550 28700
18000 28700 17500 30000
16250 28500 16250 28600
16450 28500 16450 28600
16450 28500 16250 28500
16450 28600 16250 28600
16450 28500 16250 28600
16200 28100 16100 28100
16300 28100 16200 28300
16100 28300 16300 28100
16290 28300 16300 28150
16600 30800 16010 30800
16600 32000 16600 30800
16700 32000 16700 30800
17200 30800 16700 30800
17700 32000 17200 30800
17500 30700 16550 30050
18000 32000 17500 30700
16250 30600 16250 30500
16450 30600 16450 30500
16450 30500 16250 30500
16450 30600 16250 30600
16450 30600 16250 30500
16200 30100 16100 30100
16300 30300 16200 30100
16100 30100 16300 30300
16290 30150 16300 30300
18600 800 18010 800
18600 2000 18600 800
18700 2000 18700 800
19200 800 18700 800
19700 2000 19200 800
19500 700 18550 50
20000 2000 19500 700
18250 600 18250 500
18450 600 18450 500
18450 500 18250 500
18450 600 18250 600
18450 600 18250 500
18200 100 18100 100
18300 300 18200 100
18100 100 18300 300
18290 150 18300 300
18010 2800 18600 2800
18600 4000 18600 2800
18700 4000 18700 2800
18700 2800 19200 2800
19200 4000 19700 2800
18550 2700 19500 2050
19500 4000 20000 2700
18250 2600 18250 2500
18450 2600 18450 2500
18250 2500 18450 2500
18250 2600 18450 2600
18250 2600 18450 2500
18100 2100 18200 2100
18200 2300 18300 2100
18300 2100 18100 2300
18300 2150 18290 2300
18600 4800 18010 4800
18600 6000 18600 4800
18700 6000 18700 4800
19200 4800 18700 4800
19700 6000 19200 4800
19500 4700 18550 4050
20000 6000 19500 4700
18250 4600 18250 4500
18450 4600 18450 4500
18450 4500 18250 4500
18450 4600 18250 4600
18450 4600 18250 4500
18200 4100 18100 4100
18300 4300 18200 4100
18100 4100 18300 4300
18290 4150 18300 4300
18010 6800 18600 6800
18600 6800 18600 8000
18700 6800 18700 8000
18700 6800 19200 6800
19200 6800 19700 8000
18550 6050 19500 6700
19500 6700 20000 8000
18250 6500 18250 6600
18450 6500 18450 6600
18250 6500 18450 6500
18250 6600 18450 6600
18250 6500 18450 6600
18100 6100 18200 6100
18200 6100 18300 6300
18300 6300 18100 6100
18300 6300 18290 6150
18010 8800 18600 8800
18600 8800 18600 10000
18700 8800 18700 10000
18700 8800 19200 8800
19200 8800 19700 10000
18550 8050 19500 8700
19500 8700 20000 10000
18250 8500 18250 8600
18450 8500 18450 8600
18250 8500 18450 8500
18250 8600 18450 8600
18250 8500 18450 8600
18100 8100 18200 8100
18200 8100 18300 8300
18300 8300 18100 8100
18300 8300 18290 8150
18010 10800 18600 10800
18600 12000 18600 10800
18700 12000 18700 10800
18700 10800 19200 10800
19200 12000 19700 10800
18550 10700 19500 10050
19500 12000 20000 10700
18250 10600 18250 10500
18450 10600 18450 10500
18250 10500 18450 10500
18250 10600 18450 10600
18250 10600 18450 10500
18100 10100 18200 10100
18200 10300 18300 10100
18300 10100 18100 10300
18300 10150 18290 10300
18600 12800 18010 12800
18600 14000 18600 12800
18700 14000 18700 12800
19200 12800 18700 12800
19700 14000 19200 12800
19500 12700 18550 12050
20000 14000 19500 12700
18250 12600 18250 12500
18450 12600 18450 12500
18450 12500 18250 12500
18450 12600 18250 12600
18450 12600 18250 12500
18200 12100 18100 12100
18300 12300 18200 12100
18100 12100 18300 12300
18290 12150 18300 12300
18010 14800 18600 14800
18600 14800 18600 16000
18700 14800 18700 16000
18700 14800 19200 14800
19200 14800 19700 16000
18550 14050 19500 14700
19500 14700 20000 16000
18250 14500 18250 14600
18450 14500 18450 14600
18250 14500 18450 14500
18250 14600 18450 14600
18250 14500 18450 14600
18100 14100 18200 14100
18200 14100 18300 14300
18300 14300 18100 14100
18300 14300 18290 14150
18010 16800 18600 16800
18600 16800 18600 18000
18700 16800 18700 18000
18700 16800 19200 16800
19200 16800 19700 18000
18550 16050 19500 16700
19500 16700 20000 18000
18250 16500 18250 16600
18450 16500 18450 16600
18250 16500 18450 16500
18250 16600 18450 16600
18250 16500 18450 16600
18100 16100 18200 16100
18200 16100 18300 16300
18300 16300 18100 16100
18300 16300 18290 16150
18010 18800 18600 18800
18600 20000 18600 18800
18700 20000 18700 18800
18700 18800 19200 18800
19200 20000 19700 18800
18550 18700 19500 18050
19500 20000 20000 18700
18250 18600 18250 18500
18450 18600 18450 18500
18250 18500 18450 18500
18250 18600 18450 18600
18250 18600 18450 18500
18100 18100 18200 18100
18200 18300 18300 18100
18300 18100 18100 18300
18300 18150 18290 18300
18010 20800 18600 20800
18600 20800 18600 22000
18700 20800 18700 22000
18700 20800 19200 20800
19200 20800 19700 22000
18550 20050 19500 20700
19500 20700 20000 22000
18250 20500 18250 20600
18450 20500 18450 20600
18250 20500 18450 20500
18250 20600 18450 20600
18250 20500 18450 20600
18100 20100 18200 20100
18200 20100 18300 20300
18300 20300 18100 20100
18300 20300 18290 20150
18010 22800 18600 22800
18600 24000 18600 22800
18700 24000 18700 22800
18700 22800 19200 22800
19200 24000 19700 22800
18550 22700 19500 22050
19500 24000 20000 22700
18250 22600 18250 22500
18450 22600 18450 22500
18250 22500 18450 22500
18250 22600 18450 22600
18250 22600 18450 22500
18100 22100 18200 22100
18200 22300 18300 22100
18300 22100 18100 22300
18300 22150 18290 22300
18010 24800 18600 24800
18600 26000 18600 24800
18700 26000 18700 24800
18700 24800 19200 24800
19200 26000 19700 24800
18550 24700 19500 24050
19500 26000 20000 24700
18250 24600 18250 24500
18450 24600 18450 24500
18250 24500 18450 24500
18250 24600 18450 24600
18250 24600 18450 24500
18100 24100 18200 24100
18200 24300 18300 24100
18300 24100 18100 24300
18300 24150 18290 24300
18600 26800 18010 26800
18600 26800 18600 28000
18700 26800 18700 28000
19200 26800 18700 26800
19700 26800 19200 28000
19500 26050 18550 26700
20000 26700 19500 28000
18250 26500 18250 26600
18450 26500 18450 26600
18450 26500 18250 26500
18450 26600 18250 26600
18450 26500 18250 26600
18200 26100 18100 26100
18300 26100 18200 26300
18100 26300 18300 26100
18290 26300 18300 26150
18600 28800 18010 28800
18600 30000 18600 28800
18700 30000 18700 28800
19200 28800 18700 28800
19700 30000 19200 28800
19500 28700 18550 28050
20000 30000 19500 28700
18250 28600 18250 28500
18450 28600 18450 28500
18450 28500 18250 28500
18450 28600 18250 28600
18450 28600 18250 28500
18200 28100 18100 28100
18300 28300 18200 28100
18100 28100 18300 28300
18290 28150 18300 28300
18010 30800 18600 30800
18600 30800 18600 32000
18700 30800 18700 32000
18700 30800 19200 30800
19200 30800 19700 32000
18550 30050 19500 30700
19500 30700 20000 32000
18250 30500 18250 30600
18450 30500 18450 30600
18250 30500 18450 30500
18250 30600 18450 30600
18250 30500 18450 30600
18100 30100 18200 30100
18200 30100 18300 30300
18300 30300 18100 30100
18300 30300 18290 30150
20010 800 20600 800
20600 2000 20600 800
20700 2000 20700 800
20700 800 21200 800
21200 2000 21700 800
20550 700 21500 50
21500 2000 22000 700
20250 600 20250 500
20450 600 20450 500
20250 500 20450 500
20250 600 20450 600
20250 600 20450 500
20100 100 20200 100
20200 300 20300 100
20300 100 20100 300
20300 150 20290 300
20010 2800 20600 2800
20600 2800 20600 4000
20700 2800 20700 4000
20700 2800 21200 2800
21200 2800 21700 4000
20550 2050 21500 2700
21500 2700 22000 4000
20250 2500 20250 2600
20450 2500 20450 2600
20250 2500 20450 2500
20250 2600 20450 2600
20250 2500 20450 2600
20100 2100 20200 2100
20200 2100 20300 2300
20300 2300 20100 2100
20300 2300 20290 2150
20600 4800 20010 4800
20600 6000 20600 4800
20700 6000 20700 4800
21200 4800 20700 4800
21700 6000 21200 4800
21500 4700 20550 4050
22000 6000 21500 4700
20250 4600 20250 4500
20450 4600 20450 4500
20450 4500 20250 4500
20450 4600 20250 4600
20450 4600 20250 4500
20200 4100 20100 4100
20300 4300 20200 4100
20100 4100 20300 4300
20290 4150 20300 4300
20600 6800 20010 6800
20600 8000 20600 6800
20700 8000 20700 6800
21200 6800 20700 6800
21700 8000 21200 6800
21500 6700 20550 6050
22000 8000 21500 6700
20250 6600 20250 6500
20450 6600 20450 6500
20450 6500 20250 6500
20450 6600 20250 6600
20450 6600 20250 6500
20200 6100 20100 6100
20300 6300 20200 6100
20100 6100 20300 6300
20290 6150 20300 6300
20010 8800 20600 8800
20600 8800 20600 10000
20700 8800 20700 10000
20700 8800 21200 8800
21200 8800 21700 10000
20550 8050 21500 8700
21500 8700 22000 10000
20250 8500 20250 8600
20450 8500 20450 8600
20250 8500 20450 8500
20250 8600 20450 8600
20250 8500 20450 8600
20100 8100 20200 8100
20200 8100 20300 8300
20300 8300 20100 8100
20300 8300 20290 8150
20010 10800 20600 10800
20600 12000 20600 10800
20700 12000 20700 10800
20700 10800 21200 10800
21200 12000 21700 10800
20550 10700 21500 10050
21500 12000 22000 10700
20250 10600 20250 10500
20450 10600 20450 10500
20250 10500 20450 10500
20250 10600 20450 10600
20250 10600 20450 10500
20100 10100 20200 10100
20200 10300 20300 10100
20300 10100 20100 10300
20300 10150 20290 10300
20010 12800 20600 12800
20600 12800 20600 14000
20700 12800 20700 14000
20700 12800 21200 12800
21200 12800 21700 14000
20550 12050 21500 12700
21500 12700 22000 14000
20250 12500 20250 12600
20450 12500 20450 12600
20250 12500 20450 12500
20250 12600 20450 12600
20250 12500 20450 12600
20100 12100 20200 12100
20200 12100 20300 12300
20300 12300 20100 12100
20300 12300 20290 12150
20010 14800 20600 14800
20600 14800 20600 16000
20700 14800 20700 16000
20700 14800 21200 14800
21200 14800 21700 16000
20550 14050 21500 14700
21500 14700 22000 16000
20250 14500 20250 14600
20450 14500 20450 14600
20250 14500 20450 14500
20250 14600 20450 14600
20250 14500 20450 14600
20100 14100 20200 14100
20200 14100 20300 14300
20300 14300 20100 14100
20300 14300 20290 14150
20010 16800 20600 16800
20600 18000 20600 16800
20700 18000 20700 16800
20700 16800 21200 16800
21200 18000 21700 16800
20550 16700 21500 16050
21500 18000 22000 16700
20250 16600 20250 16500
20450 16600 20450 16500
20250 16500 20450 16500
20250 16600 20450 16600
20250 16600 20450 16500
20100 16100 20200 16100
20200 16300 20300 16100
20300 16100 20100 16300
20300 16150 20290 16300
20010 18800 20600 18800
20600 18800 20600 20000
20700 18800 20700 20000
20700 18800 21200 18800
21200 18800 21700 20000
20550 18050 21500 18700
21500 18700 22000 20000
20250 18500 20250 18600
20450 18500 20450 18600
20250 18500 20450 18500
20250 18600 20450 18600
20250 18500 20450 18600
20100 18100 20200 18100
20200 18100 20300 18300
20300 18300 20100 18100
20300 18300 20290 18150
20010 20800 20600 20800
20600 20800 20600 22000
20700 20800 20700 22000
20700 20800 21200 20800
21200 20800 21700 22000
20550 20050 21500 20700
21500 20700 22000 22000
20250 20500 20250 20600
20450 20500 20450 20600
20250 20500 20450 20500
20250 20600 20450 20600
20250 20500 20450 20600
20100 20100 20200 20100
20200 20100 20300 20300
20300 20300 20100 20100
20300 20300 20290 20150
20010 22800 20600 22800
20600 24000 20600 22800
20700 24000 20700 22800
20700 22800 21200 22800
21200 24000 21700 22800
20550 22700 21500 22050
21500 24000 22000 22700
20250 22600 20250 22500
20450 22600 20450 22500
20250 22500 20450 22500
20250 22600 20450 22600
20250 22600 20450 22500
20100 22100 20200 22100
20200 22300 20300 22100
20300 22100 20100 22300
20300 22150 20290 22300
20600 24800 20010 24800
20600 26000 20600 24800
20700 26000 20700 24800
21200 24800 20700 24800
21700 26000 21200 24800
21500 24700 20550 24050
22000 26000 21500 24700
20250 24600 20250 24500
20450 24600 20450 24500
20450 24500 20250 24500
20450 24600 20250 24600
20450 24600 20250 24500
20200 24100 20100 24100
20300 24300 20200 24100
20100 24100 20300 24300
20290 24150 20300 24300
20010 26800 20600 26800
20600 26800 20600 28000
20700 26800 20700 28000
20700 26800 21200 26800
21200 26800 21700 28000
20550 26050 21500 26700
21500 26700 22000 28000
20250 26500 20250 26600
20450 26500 20450 26600
20250 26500 20450 26500
20250 26600 20450 26600
20250 26500 20450 26600
20100 26100 20200 26100
20200 26100 20300 26300
20300 26300 20100 26100
20300 26300 20290 26150
20600 28800 20010 28800
20600 30000 20600 28800
20700 30000 20700 28800
21200 28800 20700 28800
21700 30000 21200 28800
21500 28700 20550 28050
22000 30000 21500 28700
20250 28600 20250 28500
20450 28600 20450 28500
20450 28500 20250 28500
20450 28600 20250 28600
20450 28600 20250 28500
20200 28100 20100 28100
20300 28300 20200 28100
20100 28100 20300 28300
20290 28150 20300 28300
20600 30800 20010 30800
20600 32000 20600 30800
20700 32000 20700 30800
21200 30800 20700 30800
21700 32000 21200 30800
21500 30700 20550 30050
22000 32000 21500 30700
20250 30600 20250 30500
20450 30600 20450 30500
20450 30500 20250 30500
20450 30600 20250 30600
20450 30600 20250 30500
20200 30100 20100 30100
20300 30300 20200 30100
20100 30100 20300 30300
20290 30150 20300 30300
22600 800 22010 800
22600 800 22600 2000
22700 800 22700 2000
23200 800 22700 800
23700 800 23200 2000
23500 50 22550 700
24000 700 23500 2000
22250 500 22250 600
22450 500 22450 600
22450 500 22250 500
22450 600 22250 600
22450 500 22250 600
22200 100 22100 100
22300 100 22200 300
22100 300 22300 100
22290 300 22300 150
22600 2800 22010 2800
22600 2800 22600 4000
22700 2800 22700 4000
23200 2800 22700 2800
23700 2800 23200 4000
23500 2050 22550 2700
24000 2700 23500 4000
22250 2500 22250 2600
22450 2500 22450 2600
22450 2500 22250 2500
22450 2600 22250 2600
22450 2500 22250 2600
22200 2100 22100 2100
22300 2100 22200 2300
22100 2300 22300 2100
22290 2300 22300 2150
22010 4800 22600 4800
22600 4800 22600 6000
22700 4800 22700 6000
22700 4800 23200 4800
23200 4800 23700 6000
22550 4050 23500 4700
23500 4700 24000 6000
22250 4500 22250 4600
22450 4500 22450 4600
22250 4500 22450 4500
22250 4600 22450 4600
22250 4500 22450 4600
22100 4100 22200 4100
22200 4100 22300 4300
22300 4300 22100 4100
22300 4300 22290 4150
22010 6800 22600 6800
22600 6800 22600 8000
22700 6800 22700 8000
22700 6800 23200 6800
23200 6800 23700 8000
22550 6050 23500 6700
23500 6700 24000 8000
22250 6500 22250 6600
22450 6500 22450 6600
22250 6500 22450 6500
22250 6600 22450 6600
22250 6500 22450 6600
22100 6100 22200 6100
22200 6100 22300 6300
22300 6300 22100 6100
22300 6300 22290 6150
22010 8800 22600 8800
22600 8800 22600 10000
22700 8800 22700 10000
22700 8800 23200 8800
23200 8800 23700 10000
22550 8050 23500 8700
23500 8700 24000 10000
22250 8500 22250 8600
22450 8500 22450 8600
22250 8500 22450 8500
22250 8600 22450 8600
22250 8500 22450 8600
22100 8100 22200 8100
22200 8100 22300 8300
22300 8300 22100 8100
22300 8300 22290 8150
22600 10800 22010 10800
22600 12000 22600 10800
22700 12000 22700 10800
23200 10800 22700 10800
23700 12000 23200 10800
23500 10700 22550 10050
24000 12000 23500 10700
22250 10600 22250 10500
22450 10600 22450 10500
22450 10500 22250 10500
22450 10600 22250 10600
22450 10600 22250 10500
22200 10100 22100 10100
22300 10300 22200 10100
22100 10100 22300 10300
22290 10150 22300 10300
22600 12800 22010 12800
22600 14000 22600 12800
22700 14000 22700 12800
23200 12800 22700 12800
23700 14000 23200 12800
23500 12700 22550 12050
24000 14000 23500 12700
22250 12600 22250 12500
22450 12600 22450 12500
22450 12500 22250 12500
22450 12600 22250 12600
22450 12600 22250 12500
22200 12100 22100 12100
22300 12300 22200 12100
22100 12100 22300 12300
22290 12150 22300 12300
22600 14800 22010 14800
22600 14800 22600 16000
22700 14800 22700 16000
23200 14800 22700 14800
23700 14800 23200 16000
23500 14050 22550 14700
24000 14700 23500 16000
22250 14500 22250 14600
22450 14500 22450 14600
22450 14500 22250 14500
22450 14600 22250 14600
22450 14500 22250 14600
22200 14100 22100 14100
22300 14100 22200 14300
22100 14300 22300 14100
22290 14300 22300 14150
22010 16800 22600 16800
22600 16800 22600 18000
22700 16800 22700 18000
22700 16800 23200 16800
23200 16800 23700 18000
22550 16050 23500 16700
23500 16700 24000 18000
22250 16500 22250 16600
22450 16500 22450 16600
22250 16500 22450 16500
22250 16600 22450 16600
22250 16500 22450 16600
22100 16100 22200 16100
22200 16100 22300 16300
22300 16300 22100 16100
22300 16300 22290 16150
22600 18800 22010 18800
22600 20000 22600 18800
22700 20000 22700 18800
23200 18800 22700 18800
23700 20000 23200 18800
23500 18700 22550 18050
24000 20000 23500 18700
22250 18600 22250 18500
22450 18600 22450 18500
22450 18500 22250 18500
22450 18600 22250 18600
22450 18600 22250 18500
22200 18100 22100 18100
22300 18300 22200 18100
22100 18100 22300 18300
22290 18150 22300 18300
22600 20800 22010 20800
22600 20800 22600 22000
22700 20800 22700 22000
23200 20800 22700 20800
23700 20800 23200 22000
23500 20050 22550 20700
24000 20700 23500 22000
22250 20500 22250 20600
22450 20500 22450 20600
22450 20500 22250 20500
22450 20600 22250 20600
22450 20500 22250 20600
22200 20100 22100 20100
22300 20100 22200 20300
22100 20300 22300 20100
22290 20300 22300 20150
22600 22800 22010 22800
22600 24000 22600 22800
22700 24000 22700 22800
23200 22800 22700 22800
23700 24000 23200 22800
23500 22700 22550 22050
24000 24000 23500 22700
22250 22600 22250 22500
22450 22600 22450 22500
22450 22500 22250 22500
22450 22600 22250 22600
22450 22600 22250 22500
22200 22100 22100 22100
22300 22300 22200 22100
22100 22100 22300 22300
22290 22150 22300 22300
22010 24800 22600 24800
22600 26000 22600 24800
22700 26000 22700 24800
22700 24800 23200 24800
23200 26000 23700 24800
22550 24700 23500 24050
23500 26000 24000 24700
22250 24600 22250 24500
22450 24600 22450 24500
22250 24500 22450 24500
22250 24600 22450 24600
22250 24600 22450 24500
22100 24100 22200 24100
22200 24300 22300 24100
22300 24100 22100 24300
22300 24150 22290 24300
22600 26800 22010 26800
22600 28000 22600 26800
22700 28000 22700 26800
23200 26800 22700 26800
23700 28000 23200 26800
23500 26700 22550 26050
24000 28000 23500 26700
22250 26600 22250 26500
22450 26600 22450 26500
22450 26500 22250 26500
22450 26600 22250 26600
22450 26600 22250 26500
22200 26100 22100 26100
22300 26300 22200 26100
22100 26100 22300 26300
22290 26150 22300 26300
22010 28800 22600 28800
22600 28800 22600 30000
22700 28800 22700 30000
22700 28800 23200 28800
23200 28800 23700 30000
22550 28050 23500 28700
23500 28700 24000 30000
22250 28500 22250 28600
22450 28500 22450 28600
22250 28500 22450 28500
22250 28600 22450 28600
22250 28500 22450 28600
22100 28100 22200 28100
22200 28100 22300 28300
22300 28300 22100 28100
22300 28300 22290 28150
22010 30800 22600 30800
22600 32000 22600 30800
22700 32000 22700 30800
22700 30800 23200 30800
23200 32000 23700 30800
22550 30700 23500 30050
23500 32000 24000 30700
22250 30600 22250 30500
22450 30600 22450 30500
22250 30500 22450 30500
22250 30600 22450 30600
22250 30600 22450 30500
22100 30100 22200 30100
22200 30300 22300 30100
22300 30100 22100 30300
22300 30150 22290 30300
24010 800 24600 800
24600 800 24600 2000
24700 800 24700 2000
24700 800 25200 800
25200 800 25700 2000
24550 50 25500 700
25500 700 26000 2000
24250 500 24250 600
24450 500 24450 600
24250 500 24450 500
24250 600 24450 600
24250 500 24450 600
24100 100 24200 100
24200 100 24300 300
24300 300 24100 100
24300 300 24290 150
24600 2800 24010 2800
24600 4000 24600 2800
24700 4000 24700 2800
25200 2800 24700 2800
25700 4000 25200 2800
25500 2700 24550 2050
26000 4000 25500 2700
24250 2600 24250 2500
24450 2600 24450 2500
24450 2500 24250 2500
24450 2600 24250 2600
24450 2600 24250 2500
24200 2100 24100 2100
24300 2300 24200 2100
24100 2100 24300 2300
24290 2150 24300 2300
24600 4800 24010 4800
24600 4800 24600 6000
24700 4800 24700 6000
25200 4800 24700 4800
25700 4800 25200 6000
25500 4050 24550 4700
26000 4700 25500 6000
24250 4500 24250 4600
24450 4500 24450 4600
24450 4500 24250 4500
24450 4600 24250 4600
24450 4500 24250 4600
24200 4100 24100 4100
24300 4100 24200 4300
24100 4300 24300 4100
24290 4300 24300 4150
24600 6800 24010 6800
24600 6800 24600 8000
24700 6800 24700 8000
25200 6800 24700 6800
25700 6800 25200 8000
25500 6050 24550 6700
26000 6700 25500 8000
24250 6500 24250 6600
24450 6500 24450 6600
24450 6500 24250 6500
24450 6600 24250 6600
24450 6500 24250 6600
24200 6100 24100 6100
24300 6100 24200 6300
24100 6300 24300 6100
24290 6300 24300 6150
24600 8800 24010 8800
24600 8800 24600 10000
24700 8800 24700 10000
25200 8800 24700 8800
25700 8800 25200 10000
25500 8050 24550 8700
26000 8700 25500 10000
24250 8500 24250 8600
24450 8500 24450 8600
24450 8500 24250 8500
24450 8600 24250 8600
24450 8500 24250 8600
24200 8100 24100 8100
24300 8100 24200 8300
24100 8300 24300 8100
24290 8300 24300 8150
24010 10800 24600 10800
24600 10800 24600 12000
24700 10800 24700 12000
24700 10800 25200 10800
25200 10800 25700 12000
24550 10050 25500 10700
25500 10700 26000 12000
24250 10500 24250 10600
24450 10500 24450 10600
24250 10500 24450 10500
24250 10600 24450 10600
24250 10500 24450 10600
24100 10100 24200 10100
24200 10100 24300 10300
24300 10300 24100 10100
24300 10300 24290 10150
24600 12800 24010 12800
24600 12800 24600 14000
24700 12800 24700 14000
25200 12800 24700 12800
25700 12800 25200 14000
25500 12050 24550 12700
26000 12700 25500 14000
24250 12500 24250 12600
24450 12500 24450 12600
24450 12500 24250 12500
24450 12600 24250 12600
24450 12500 24250 12600
24200 12100 24100 12100
24300 12100 24200 12300
24100 12300 24300 12100
24290 12300 24300 12150
24600 14800 24010 14800
24600 16000 24600 14800
24700 16000 24700 14800
25200 14800 24700 14800
25700 16000 25200 14800
25500 14700 24550 14050
26000 16000 25500 14700
24250 14600 24250 14500
24450 14600 24450 14500
24450 14500 24250 14500
24450 14600 24250 14600
24450 14600 24250 14500
24200 14100 24100 14100
24300 14300 24200 14100
24100 14100 24300 14300
24290 14150 24300 14300
24010 16800 24600 16800
24600 16800 24600 18000
24700 16800 24700 18000
24700 16800 25200 16800
25200 16800 25700 18000
24550 16050 25500 16700
25500 16700 26000 18000
24250 16500 24250 16600
24450 16500 24450 16600
24250 16500 24450 16500
24250 16600 24450 16600
24250 16500 24450 16600
24100 16100 24200 16100
24200 16100 24300 16300
24300 16300 24100 16100
24300 16300 24290 16150
24600 18800 24010 18800
24600 20000 24600 18800
24700 20000 24700 18800
25200 18800 24700 18800
25700 20000 25200 18800
25500 18700 24550 18050
26000 20000 25500 18700
24250 18600 24250 18500
24450 18600 24450 18500
24450 18500 24250 18500
24450 18600 24250 18600
24450 18600 24250 18500
24200 18100 24100 18100
24300 18300 24200 18100
24100 18100 24300 18300
24290 18150 24300 18300
24010 20800 24600 20800
24600 20800 24600 22000
24700 20800 24700 22000
24700 20800 25200 20800
25200 20800 25700 22000
24550 20050 25500 20700
25500 20700 26000 22000
24250 20500 24250 20600
24450 20500 24450 20600
24250 20500 24450 20500
24250 20600 24450 20600
24250 20500 24450 20600
24100 20100 24200 20100
24200 20100 24300 20300
24300 20300 24100 20100
24300 20300 24290 20150
24600 22800 24010 22800
24600 22800 24600 24000
24700 22800 24700 24000
25200 22800 24700 22800
25700 22800 25200 24000
25500 22050 24550 22700
26000 22700 25500 24000
24250 22500 24250 22600
24450 22500 24450 22600
24450 22500 24250 22500
24450 22600 24250 22600
24450 22500 24250 22600
24200 22100 24100 22100
24300 22100 24200 22300
24100 22300 24300 22100
24290 22300 24300 22150
24600 24800 24010 24800
24600 26000 24600 24800
24700 26000 24700 24800
25200 24800 24700 24800
25700 26000 25200 24800
25500 24700 24550 24050
26000 26000 25500 24700
24250 24600 24250 24500
24450 24600 24450 24500
24450 24500 24250 24500
24450 24600 24250 24600
24450 24600 24250 24500
24200 24100 24100 24100
24300 24300 24200 24100
24100 24100 24300 24300
24290 24150 24300 24300
24600 26800 24010 26800
24600 26800 24600 28000
24700 26800 24700 28000
25200 26800 24700 26800
25700 26800 25200 28000
25500 26050 24550 26700
26000 26700 25500 28000
24250 26500 24250 26600
24450 26500 24450 26600
24450 26500 24250 26500
24450 26600 24250 26600
24450 26500 24250 26600
24200 26100 24100 26100
24300 26100 24200 26300
24100 26300 24300 26100
24290 26300 24300 26150
24010 28800 24600 28800
24600 28800 24600 30000
24700 28800 24700 30000
24700 28800 25200 28800
25200 28800 25700 30000
24550 28050 25500 28700
25500 28700 26000 30000
24250 28500 24250 28600
24450 28500 24450 28600
24250 28500 24450 28500
24250 28600 24450 28600
24250 28500 24450 28600
24100 28100 24200 28100
24200 28100 24300 28300
24300 28300 24100 28100
24300 28300 24290 28150
24600 30800 24010 30800
24600 32000 24600 30800
24700 32000 24700 30800
25200 30800 24700 30800
25700 32000 25200 30800
25500 30700 24550 30050
26000 32000 25500 30700
24250 30600 24250 30500
24450 30600 24450 30500
24450 30500 24250 30500
24450 30600 24250 30600
24450 30600 24250 30500
24200 30100 24100 30100
24300 30300 24200 30100
24100 30100 24300 30300
24290 30150 24300 30300
26600 800 26010 800
26600 800 26600 2000
26700 800 26700 2000
27200 800 26700 800
27700 800 27200 2000
27500 50 26550 700
28000 700 27500 2000
26250 500 26250 600
26450 500 26450 600
26450 500 26250 500
26450 600 26250 600
26450 500 26250 600
26200 100 26100 100
26300 100 26200 300
26100 300 26300 100
26290 300 26300 150
26010 2800 26600 2800
26600 2800 26600 4000
26700 2800 26700 4000
26700 2800 27200 2800
27200 2800 27700 4000
26550 2050 27500 2700
27500 2700 28000 4000
26250 2500 26250 2600
26450 2500 26450 2600
26250 2500 26450 2500
26250 2600 26450 2600
26250 2500 26450 2600
26100 2100 26200 2100
26200 2100 26300 2300
26300 2300 26100 2100
26300 2300 26290 2150
26010 4800 26600 4800
26600 6000 26600 4800
26700 6000 26700 4800
26700 4800 27200 4800
27200 6000 27700 4800
26550 4700 27500 4050
27500 6000 28000 4700
26250 4600 26250 4500
26450 4600 26450 4500
26250 4500 26450 4500
26250 4600 26450 4600
26250 4600 26450 4500
26100 4100 26200 4100
26200 4300 26300 4100
26300 4100 26100 4300
26300 4150 26290 4300
26010 6800 26600 6800
26600 8000 26600 6800
26700 8000 26700 6800
26700 6800 27200 6800
27200 8000 27700 6800
26550 6700 27500 6050
27500 8000 28000 6700
26250 6600 26250 6500
26450 6600 26450 6500
26250 6500 26450 6500
26250 6600 26450 6600
26250 6600 26450 6500
26100 6100 26200 6100
26200 6300 26300 6100
26300 6100 26100 6300
26300 6150 26290 6300
26010 8800 26600 8800
26600 8800 26600 10000
26700 8800 26700 10000
26700 8800 27200 8800
27200 8800 27700 10000
26550 8050 27500 8700
27500 8700 28000 10000
26250 8500 26250 8600
26450 8500 26450 8600
26250 8500 26450 8500
26250 8600 26450 8600
26250 8500 26450 8600
26100 8100 26200 8100
26200 8100 26300 8300
26300 8300 26100 8100
26300 8300 26290 8150
26010 10800 26600 10800
26600 12000 26600 10800
26700 12000 26700 10800
26700 10800 27200 10800
27200 12000 27700 10800
26550 10700 27500 10050
27500 12000 28000 10700
26250 10600 26250 10500
26450 10600 26450 10500
26250 10500 26450 10500
26250 10600 26450 10600
26250 10600 26450 10500
26100 10100 26200 10100
26200 10300 26300 10100
26300 10100 26100 10300
26300 10150 26290 10300
26600 12800 26010 12800
26600 14000 26600 12800
26700 14000 26700 12800
27200 12800 26700 12800
27700 14000 27200 12800
27500 12700 26550 12050
28000 14000 27500 12700
26250 12600 26250 12500
26450 12600 26450 12500
26450 12500 26250 12500
26450 12600 26250 12600
26450 12600 26250 12500
26200 12100 26100 12100
26300 12300 26200 12100
26100 12100 26300 12300
26290 12150 26300 12300
26010 14800 26600 14800
26600 16000 26600 14800
26700 16000 26700 14800
26700 14800 27200 14800
27200 16000 27700 14800
26550 14700 27500 14050
27500 16000 28000 14700
26250 14600 26250 14500
26450 14600 26450 14500
26250 14500 26450 14500
26250 14600 26450 14600
26250 14600 26450 14500
26100 14100 26200 14100
26200 14300 26300 14100
26300 14100 26100 14300
26300 14150 26290 14300
26010 16800 26600 16800
26600 18000 26600 16800
26700 18000 26700 16800
26700 16800 27200 16800
27200 18000 27700 16800
26550 16700 27500 16050
27500 18000 28000 16700
26250 16600 26250 16500
26450 16600 26450 16500
26250 16500 26450 16500
26250 16600 26450 16600
26250 16600 26450 16500
26100 16100 26200 16100
26200 16300 26300 16100
26300 16100 26100 16300
26300 16150 26290 16300
26600 18800 26010 18800
26600 20000 26600 18800
26700 20000 26700 18800
27200 18800 26700 18800
27700 20000 27200 18800
27500 18700 26550 18050
28000 20000 27500 18700
26250 18600 26250 18500
26450 18600 26450 18500
26450 18500 26250 18500
26450 18600 26250 18600
26450 18600 26250 18500
26200 18100 26100 18100
26300 18300 26200 18100
26100 18100 26300 18300
26290 18150 26300 18300
26600 20800 26010 20800
26600 22000 26600 20800
26700 22000 26700 20800
27200 20800 26700 20800
27700 22000 27200 20800
27500 20700 26550 20050
28000 22000 27500 20700
26250 20600 26250 20500
26450 20600 26450 20500
26450 20500 26250 20500
26450 20600 26250 20600
26450 20600 26250 20500
26200 20100 26100 20100
26300 20300 26200 20100
26100 20100 26300 20300
26290 20150 26300 20300
26600 22800 26010 22800
26600 24000 26600 22800
26700 24000 26700 22800
27200 22800 26700 22800
27700 24000 27200 22800
27500 22700 26550 22050
28000 24000 27500 22700
26250 22600 26250 22500
26450 22600 26450 22500
26450 22500 26250 22500
26450 22600 26250 22600
26450 22600 26250 22500
26200 22100 26100 22100
26300 22300 26200 22100
26100 22100 26300 22300
26290 22150 26300 22300
26600 24800 26010 24800
26600 26000 26600 24800
26700 26000 26700 24800
27200 24800 26700 24800
27700 26000 27200 24800
27500 24700 26550 24050
28000 26000 27500 24700
26250 24600 26250 24500
26450 24600 26450 24500
26450 24500 26250 24500
26450 24600 26250 24600
26450 24600 26250 24500
26200 24100 26100 24100
26300 24300 26200 24100
26100 24100 26300 24300
26290 24150 26300 24300
26600 26800 26010 26800
26600 26800 26600 28000
26700 26800 26700 28000
27200 26800 26700 26800
27700 26800 27200 28000
27500 26050 26550 26700
28000 26700 27500 28000
26250 26500 26250 26600
26450 26500 26450 26600
26450 26500 26250 26500
26450 26600 26250 26600
26450 26500 26250 26600
26200 26100 26100 26100
26300 26100 26200 26300
26100 26300 26300 26100
26290 26300 26300 26150
26600 28800 26010 28800
26600 30000 26600 28800
26700 30000 26700 28800
27200 28800 26700 28800
27700 30000 27200 28800
27500 28700 26550 28050
28000 30000 27500 28700
26250 28600 26250 28500
26450 28600 26450 28500
26450 28500 26250 28500
26450 28600 26250 28600
26450 28600 26250 28500
26200 28100 26100 28100
26300 28300 26200 28100
26100 28100 26300 28300
26290 28150 26300 28300
26010 30800 26600 30800
26600 30800 26600 32000
26700 30800 26700 32000
26700 30800 27200 30800
27200 30800 27700 32000
26550 30050 27500 30700
27500 30700 28000 32000
26250 30500 26250 30600
26450 30500 26450 30600
26250 30500 26450 30500
26250 30600 26450 30600
26250 30500 26450 30600
26100 30100 26200 30100
26200 30100 26300 30300
26300 30300 26100 30100
26300 30300 26290 30150
28600 800 28010 800
28600 800 28600 2000
28700 800 28700 2000
29200 800 28700 800
29700 800 29200 2000
29500 50 28550 700
30000 700 29500 2000
28250 500 28250 600
28450 500 28450 600
28450 500 28250 500
28450 600 28250 600
28450 500 28250 600
28200 100 28100 100
28300 100 28200 300
28100 300 28300 100
28290 300 28300 150
28600 2800 28010 2800
28600 2800 28600 4000
28700 2800 28700 4000
29200 2800 28700 2800
29700 2800 29200 4000
29500 2050 28550 2700
30000 2700 29500 4000
28250 2500 28250 2600
28450 2500 28450 2600
28450 2500 28250 2500
28450 2600 28250 2600
28450 2500 28250 2600
28200 2100 28100 2100
28300 2100 28200 2300
28100 2300 28300 2100
28290 2300 28300 2150
28600 4800 28010 4800
28600 6000 28600 4800
28700 6000 28700 4800
29200 4800 28700 4800
29700 6000 29200 4800
29500 4700 28550 4050
30000 6000 29500 4700
28250 4600 28250 4500
28450 4600 28450 4500
28450 4500 28250 4500
28450 4600 28250 4600
28450 4600 28250 4500
28200 4100 28100 4100
28300 4300 28200 4100
28100 4100 28300 4300
28290 4150 28300 4300
28010 6800 28600 6800
28600 6800 28600 8000
28700 6800 28700 8000
28700 6800 29200 6800
29200 6800 29700 8000
28550 6050 29500 6700
29500 6700 30000 8000
28250 6500 28250 6600
28450 6500 28450 6600
28250 6500 28450 6500
28250 6600 28450 6600
28250 6500 28450 6600
28100 6100 28200 6100
28200 6100 28300 6300
28300 6300 28100 6100
28300 6300 28290 6150
28600 8800 28010 8800
28600 8800 28600 10000
28700 8800 28700 10000
29200 8800 28700 8800
29700 8800 29200 10000
29500 8050 28550 8700
30000 8700 29500 10000
28250 8500 28250 8600
28450 8500 28450 8600
28450 8500 28250 8500
28450 8600 28250 8600
28450 8500 28250 8600
28200 8100 28100 8100
28300 8100 28200 8300
28100 8300 28300 8100
28290 8300 28300 8150
28010 10800 28600 10800
28600 10800 28600 12000
28700 10800 28700 12000
28700 10800 29200 10800
29200 10800 29700 12000
28550 10050 29500 10700
29500 10700 30000 12000
28250 10500 28250 10600
28450 10500 28450 10600
28250 10500 28450 10500
28250 10600 28450 10600
28250 10500 28450 10600
28100 10100 28200 10100
28200 10100 28300 10300
28300 10300 28100 10100
28300 10300 28290 10150
28600 12800 28010 12800
28600 14000 28600 12800
28700 14000 28700 12800
29200 12800 28700 12800
29700 14000 29200 12800
29500 12700 28550 12050
30000 14000 29500 12700
28250 12600 28250 12500
28450 12600 28450 12500
28450 12500 28250 12500
28450 12600 28250 12600
28450 12600 28250 12500
28200 12100 28100 12100
28300 12300 28200 12100
28100 12100 28300 12300
28290 12150 28300 12300
28600 14800 28010 14800
28600 14800 28600 16000
28700 14800 28700 16000
29200 14800 28700 14800
29700 14800 29200 16000
29500 14050 28550 14700
30000 14700 29500 16000
28250 14500 28250 14600
28450 14500 28450 14600
28450 14500 28250 14500
28450 14600 28250 14600
28450 14500 28250 14600
28200 14100 28100 14100
28300 14100 28200 14300
28100 14300 28300 14100
28290 14300 28300 14150
28010 16800 28600 16800
28600 16800 28600 18000
28700 16800 28700 18000
28700 16800 29200 16800
29200 16800 29700 18000
28550 16050 29500 16700
29500 16700 30000 18000
28250 16500 28250 16600
28450 16500 28450 16600
28250 16500 28450 16500
28250 16600 28450 16600
28250 16500 28450 16600
28100 16100 28200 16100
28200 16100 28300 16300
28300 16300 28100 16100
28300 16300 28290 16150
28600 18800 28010 18800
28600 18800 28600 20000
28700 18800 28700 20000
29200 18800 28700 18800
29700 18800 29200 20000
29500 18050 28550 18700
30000 18700 29500 20000
28250 18500 28250 18600
28450 18500 28450 18600
28450 18500 28250 18500
28450 18600 28250 18600
28450 18500 28250 18600
28200 18100 28100 18100
28300 18100 28200 18300
28100 18300 28300 18100
28290 18300 28300 18150
28600 20800 28010 20800
28600 20800 28600 22000
28700 20800 28700 22000
29200 20800 28700 20800
29700 20800 29200 22000
29500 20050 28550 20700
30000 20700 29500 22000
28250 20500 28250 20600
28450 20500 28450 20600
28450 20500 28250 20500
28450 20600 28250 20600
28450 20500 28250 20600
28200 20100 28100 20100
28300 20100 28200 20300
28100 20300 28300 20100
28290 20300 28300 20150
28600 22800 28010 22800
28600 24000 28600 22800
28700 24000 28700 22800
29200 22800 28700 22800
29700 24000 29200 22800
29500 22700 28550 22050
30000 24000 29500 22700
28250 22600 28250 22500
28450 22600 28450 22500
28450 22500 28250 22500
28450 22600 28250 22600
28450 22600 28250 22500
28200 22100 28100 22100
28300 22300 28200 22100
28100 22100 28300 22300
28290 22150 28300 22300
28600 24800 28010 24800
28600 26000 28600 24800
28700 26000 28700 24800
29200 24800 28700 24800
29700 26000 29200 24800
29500 24700 28550 24050
30000 26000 29500 24700
28250 24600 28250 24500
28450 24600 28450 24500
28450 24500 28250 24500
28450 24600 28250 24600
28450 24600 28250 24500
28200 24100 28100 24100
28300 24300 28200 24100
28100 24100 28300 24300
28290 24150 28300 24300
28600 26800 28010 26800
28600 26800 28600 28000
28700 26800 28700 28000
29200 26800 28700 26800
29700 26800 29200 28000
29500 26050 28550 26700
30000 26700 29500 28000
28250 26500 28250 26600
28450 26500 28450 26600
28450 26500 28250 26500
28450 26600 28250 26600
28450 26500 28250 26600
28200 26100 28100 26100
28300 26100 28200 26300
28100 26300 28300 26100
28290 26300 28300 26150
28600 28800 28010 28800
28600 28800 28600 30000
28700 28800 28700 30000
29200 28800 28700 28800
29700 28800 29200 30000
29500 28050 28550 28700
30000 28700 29500 30000
28250 28500 28250 28600
28450 28500 28450 28600
28450 28500 28250 28500
28450 28600 28250 28600
28450 28500 28250 28600
28200 28100 28100 28100
28300 28100 28200 28300
28100 28300 28300 28100
28290 28300 28300 28150
28010 30800 28600 30800
28600 32000 28600 30800
28700 32000 28700 30800
28700 30800 29200 30800
29200 32000 29700 30800
28550 30700 29500 30050
29500 32000 30000 30700
28250 30600 28250 30500
28450 30600 28450 30500
28250 30500 28450 30500
28250 30600 28450 30600
28250 30600 28450 30500
28100 30100 28200 30100
28200 30300 28300 30100
28300 30100 28100 30300
28300 30150 28290 30300
30600 800 30010 800
30600 800 30600 2000
30700 800 30700 2000
31200 800 30700 800
31700 800 31200 2000
31500 50 30550 700
32000 700 31500 2000
30250 500 30250 600
30450 500 30450 600
30450 500 30250 500
30450 600 30250 600
30450 500 30250 600
30200 100 30100 100
30300 100 30200 300
30100 300 30300 100
30290 300 30300 150
30600 2800 30010 2800
30600 2800 30600 4000
30700 2800 30700 4000
31200 2800 30700 2800
31700 2800 31200 4000
31500 2050 30550 2700
32000 2700 31500 4000
30250 2500 30250 2600
30450 2500 30450 2600
30450 2500 30250 2500
30450 2600 30250 2600
30450 2500 30250 2600
30200 2100 30100 2100
30300 2100 30200 2300
30100 2300 30300 2100
30290 2300 30300 2150
30600 4800 30010 4800
30600 4800 30600 6000
30700 4800 30700 6000
31200 4800 30700 4800
31700 4800 31200 6000
31500 4050 30550 4700
32000 4700 31500 6000
30250 4500 30250 4600
30450 4500 30450 4600
30450 4500 30250 4500
30450 4600 30250 4600
30450 4500 30250 4600
30200 4100 30100 4100
30300 4100 30200 4300
30100 4300 30300 4100
30290 4300 30300 4150
30600 6800 30010 6800
30600 6800 30600 8000
30700 6800 30700 8000
31200 6800 30700 6800
31700 6800 31200 8000
31500 6050 30550 6700
32000 6700 31500 8000
30250 6500 30250 6600
30450 6500 30450 6600
30450 6500 30250 6500
30450 6600 30250 6600
30450 6500 30250 6600
30200 6100 30100 6100
30300 6100 30200 6300
30100 6300 30300 6100
30290 6300 30300 6150
30600 8800 30010 8800
30600 8800 30600 10000
30700 8800 30700 10000
31200 8800 30700 8800
31700 8800 31200 10000
31500 8050 30550 8700
32000 8700 31500 10000
30250 8500 30250 8600
30450 8500 30450 8600
30450 8500 30250 8500
30450 8600 30250 8600
30450 8500 30250 8600
30200 8100 30100 8100
30300 8100 30200 8300
30100 8300 30300 8100
30290 8300 30300 8150
30010 10800 30600 10800
30600 10800 30600 12000
30700 10800 30700 12000
30700 10800 31200 10800
31200 10800 31700 12000
30550 10050 31500 10700
31500 10700 32000 12000
30250 10500 30250 10600
30450 10500 30450 10600
30250 10500 30450 10500
30250 10600 30450 10600
30250 10500 30450 10600
30100 10100 30200 10100
30200 10100 30300 10300
30300 10300 30100 10100
30300 10300 30290 10150
30010 12800 30600 12800
30600 14000 30600 12800
30700 14000 30700 12800
30700 12800 31200 12800
31200 14000 31700 12800
30550 12700 31500 12050
31500 14000 32000 12700
30250 12600 30250 12500
30450 12600 30450 12500
30250 12500 30450 12500
30250 12600 30450 12600
30250 12600 30450 12500
30100 12100 30200 12100
30200 12300 30300 12100
30300 12100 30100 12300
30300 12150 30290 12300
30600 14800 30010 14800
30600 16000 30600 14800
30700 16000 30700 14800
31200 14800 30700 14800
31700 16000 31200 14800
31500 14700 30550 14050
32000 16000 31500 14700
30250 14600 30250 14500
30450 14600 30450 14500
30450 14500 30250 14500
30450 14600 30250 14600
30450 14600 30250 14500
30200 14100 30100 14100
30300 14300 30200 14100
30100 14100 30300 14300
30290 14150 30300 14300
30600 16800 30010 16800
30600 18000 30600 16800
30700 18000 30700 16800
31200 16800 30700 16800
31700 18000 31200 16800
31500 16700 30550 16050
32000 18000 31500 16700
30250 16600 30250 16500
30450 16600 30450 16500
30450 16500 30250 16500
30450 16600 30250 16600
30450 16600 30250 16500
30200 16100 30100 16100
30300 16300 30200 16100
30100 16100 30300 16300
30290 16150 30300 16300
30010 18800 30600 18800
30600 18800 30600 20000
30700 18800 30700 20000
30700 18800 31200 18800
31200 18800 31700 20000
30550 18050 31500 18700
31500 18700 32000 20000
30250 18500 30250 18600
30450 18500 30450 18600
30250 18500 30450 18500
30250 18600 30450 18600
30250 18500 30450 18600
30100 18100 30200 18100
30200 18100 30300 18300
30300 18300 30100 18100
30300 18300 30290 18150
30600 20800 30010 20800
30600 22000 30600 20800
30700 22000 30700 20800
31200 20800 30700 20800
31700 22000 31200 20800
31500 20700 30550 20050
32000 22000 31500 20700
30250 20600 30250 20500
30450 20600 30450 20500
30450 20500 30250 20500
30450 20600 30250 20600
30450 20600 30250 20500
30200 20100 30100 20100
30300 20300 30200 20100
30100 20100 30300 20300
30290 20150 30300 20300
30600 22800 30010 22800
30600 24000 30600 22800
30700 24000 30700 22800
31200 22800 30700 22800
31700 24000 31200 22800
31500 22700 30550 22050
32000 24000 31500 22700
30250 22600 30250 22500
30450 22600 30450 22500
30450 22500 30250 22500
30450 22600 30250 22600
30450 22600 30250 22500
30200 22100 30100 22100
30300 22300 30200 22100
30100 22100 30300 22300
30290 22150 30300 22300
30600 24800 30010 24800
30600 24800 30600 26000
30700 24800 30700 26000
31200 24800 30700 24800
31700 24800 31200 26000
31500 24050 30550 24700
32000 24700 31500 26000
30250 24500 30250 24600
30450 24500 30450 24600
30450 24500 30250 24500
30450 24600 30250 24600
30450 24500 30250 24600
30200 24100 30100 24100
30300 24100 30200 24300
30100 24300 30300 24100
30290 24300 30300 24150
30600 26800 30010 26800
30600 28000 30600 26800
30700 28000 30700 26800
31200 26800 30700 26800
31700 28000 31200 26800
31500 26700 30550 26050
32000 28000 31500 26700
30250 26600 30250 26500
30450 26600 30450 26500
30450 26500 30250 26500
30450 26600 30250 26600
30450 26600 30250 26500
30200 26100 30100 26100
30300 26300 30200 26100
30100 26100 30300 26300
30290 26150 30300 26300
30600 28800 30010 28800
30600 30000 30600 28800
30700 30000 30700 28800
31200 28800 30700 28800
31700 30000 31200 28800
31500 28700 30550 28050
32000 30000 31500 28700
30250 28600 30250 28500
30450 28600 30450 28500
30450 28500 30250 28500
30450 28600 30250 28600
30450 28600 30250 28500
30200 28100 30100 28100
30300 28300 30200 28100
30100 28100 30300 28300
30290 28150 30300 28300
30010 30800 30600 30800
30600 30800 30600 32000
30700 30800 30700 32000
30700 30800 31200 30800
31200 30800 31700 32000
30550 30050 31500 30700
31500 30700 32000 32000
30250 30500 30250 30600
30450 30500 30450 30600
30250 30500 30450 30500
30250 30600 30450 30600
30250 30500 30450 30600
30100 30100 30200 30100
30200 30100 30300 30300
30300 30300 30100 30100
30300 30300 30290 30150
