10 800 600 800
600 800 600 2000
700 800 700 2000
700 800 1200 800
1200 800 1700 2000
550 50 1500 700
1500 700 2000 2000
250 500 250 600
450 500 450 600
250 500 450 500
250 600 450 600
250 500 450 600
100 100 200 100
200 100 300 300
300 300 100 100
300 300 290 150
10 2800 600 2800
600 4000 600 2800
700 4000 700 2800
700 2800 1200 2800
1200 4000 1700 2800
550 2700 1500 2050
1500 4000 2000 2700
250 2600 250 2500
450 2600 450 2500
250 2500 450 2500
250 2600 450 2600
250 2600 450 2500
100 2100 200 2100
200 2300 300 2100
300 2100 100 2300
300 2150 290 2300
2600 800 2010 800
2600 800 2600 2000
2700 800 2700 2000
3200 800 2700 800
3700 800 3200 2000
3500 50 2550 700
4000 700 3500 2000
2250 500 2250 600
2450 500 2450 600
2450 500 2250 500
2450 600 2250 600
2450 500 2250 600
2200 100 2100 100
2300 100 2200 300
2100 300 2300 100
2290 300 2300 150
2600 2800 2010 2800
2600 4000 2600 2800
2700 4000 2700 2800
3200 2800 2700 2800
3700 4000 3200 2800
3500 2700 2550 2050
4000 4000 3500 2700
2250 2600 2250 2500
2450 2600 2450 2500
2450 2500 2250 2500
2450 2600 2250 2600
2450 2600 2250 2500
2200 2100 2100 2100
2300 2300 2200 2100
2100 2100 2300 2300
2290 2150 2300 2300
