10 800 600 800
600 800 600 2000
700 800 700 2000
700 800 1200 800
1200 800 1700 2000
550 50 1500 700
1500 700 2000 2000
250 500 250 600
450 500 450 600
250 500 450 500
250 600 450 600
250 500 450 600
100 100 200 100
200 100 300 300
300 300 100 100
300 300 290 150
10 2800 600 2800
600 4000 600 2800
700 4000 700 2800
700 2800 1200 2800
1200 4000 1700 2800
550 2700 1500 2050
1500 4000 2000 2700
250 2600 250 2500
450 2600 450 2500
250 2500 450 2500
250 2600 450 2600
250 2600 450 2500
100 2100 200 2100
200 2300 300 2100
300 2100 100 2300
300 2150 290 2300
10 4800 600 4800
600 6000 600 4800
700 6000 700 4800
700 4800 1200 4800
1200 6000 1700 4800
550 4700 1500 4050
1500 6000 2000 4700
250 4600 250 4500
450 4600 450 4500
250 4500 450 4500
250 4600 450 4600
250 4600 450 4500
100 4100 200 4100
200 4300 300 4100
300 4100 100 4300
300 4150 290 4300
2010 800 2600 800
2600 2000 2600 800
2700 2000 2700 800
2700 800 3200 800
3200 2000 3700 800
2550 700 3500 50
3500 2000 4000 700
2250 600 2250 500
2450 600 2450 500
2250 500 2450 500
2250 600 2450 600
2250 600 2450 500
2100 100 2200 100
2200 300 2300 100
2300 100 2100 300
2300 150 2290 300
2010 2800 2600 2800
2600 2800 2600 4000
2700 2800 2700 4000
2700 2800 3200 2800
3200 2800 3700 4000
2550 2050 3500 2700
3500 2700 4000 4000
2250 2500 2250 2600
2450 2500 2450 2600
2250 2500 2450 2500
2250 2600 2450 2600
2250 2500 2450 2600
2100 2100 2200 2100
2200 2100 2300 2300
2300 2300 2100 2100
2300 2300 2290 2150
2010 4800 2600 4800
2600 4800 2600 6000
2700 4800 2700 6000
2700 4800 3200 4800
3200 4800 3700 6000
2550 4050 3500 4700
3500 4700 4000 6000
2250 4500 2250 4600
2450 4500 2450 4600
2250 4500 2450 4500
2250 4600 2450 4600
2250 4500 2450 4600
2100 4100 2200 4100
2200 4100 2300 4300
2300 4300 2100 4100
2300 4300 2290 4150
4600 800 4010 800
4600 800 4600 2000
4700 800 4700 2000
5200 800 4700 800
5700 800 5200 2000
5500 50 4550 700
6000 700 5500 2000
4250 500 4250 600
4450 500 4450 600
4450 500 4250 500
4450 600 4250 600
4450 500 4250 600
4200 100 4100 100
4300 100 4200 300
4100 300 4300 100
4290 300 4300 150
4600 2800 4010 2800
4600 4000 4600 2800
4700 4000 4700 2800
5200 2800 4700 2800
5700 4000 5200 2800
5500 2700 4550 2050
6000 4000 5500 2700
4250 2600 4250 2500
4450 2600 4450 2500
4450 2500 4250 2500
4450 2600 4250 2600
4450 2600 4250 2500
4200 2100 4100 2100
4300 2300 4200 2100
4100 2100 4300 2300
4290 2150 4300 2300
4600 4800 4010 4800
4600 4800 4600 6000
4700 4800 4700 6000
5200 4800 4700 4800
5700 4800 5200 6000
5500 4050 4550 4700
6000 4700 5500 6000
4250 4500 4250 4600
4450 4500 4450 4600
4450 4500 4250 4500
4450 4600 4250 4600
4450 4500 4250 4600
4200 4100 4100 4100
4300 4100 4200 4300
4100 4300 4300 4100
4290 4300 4300 4150
