10 800 600 800
600 800 600 2000
700 800 700 2000
700 800 1200 800
1200 800 1700 2000
550 50 1500 700
1500 700 2000 2000
250 500 250 600
450 500 450 600
250 500 450 500
250 600 450 600
250 500 450 600
100 100 200 100
200 100 300 300
300 300 100 100
300 300 290 150
10 2800 600 2800
600 4000 600 2800
700 4000 700 2800
700 2800 1200 2800
1200 4000 1700 2800
550 2700 1500 2050
1500 4000 2000 2700
250 2600 250 2500
450 2600 450 2500
250 2500 450 2500
250 2600 450 2600
250 2600 450 2500
100 2100 200 2100
200 2300 300 2100
300 2100 100 2300
300 2150 290 2300
10 4800 600 4800
600 4800 600 6000
700 4800 700 6000
700 4800 1200 4800
1200 4800 1700 6000
550 4050 1500 4700
1500 4700 2000 6000
250 4500 250 4600
450 4500 450 4600
250 4500 450 4500
250 4600 450 4600
250 4500 450 4600
100 4100 200 4100
200 4100 300 4300
300 4300 100 4100
300 4300 290 4150
600 6800 10 6800
600 6800 600 8000
700 6800 700 8000
1200 6800 700 6800
1700 6800 1200 8000
1500 6050 550 6700
2000 6700 1500 8000
250 6500 250 6600
450 6500 450 6600
450 6500 250 6500
450 6600 250 6600
450 6500 250 6600
200 6100 100 6100
300 6100 200 6300
100 6300 300 6100
290 6300 300 6150
2600 800 2010 800
2600 800 2600 2000
2700 800 2700 2000
3200 800 2700 800
3700 800 3200 2000
3500 50 2550 700
4000 700 3500 2000
2250 500 2250 600
2450 500 2450 600
2450 500 2250 500
2450 600 2250 600
2450 500 2250 600
2200 100 2100 100
2300 100 2200 300
2100 300 2300 100
2290 300 2300 150
2010 2800 2600 2800
2600 2800 2600 4000
2700 2800 2700 4000
2700 2800 3200 2800
3200 2800 3700 4000
2550 2050 3500 2700
3500 2700 4000 4000
2250 2500 2250 2600
2450 2500 2450 2600
2250 2500 2450 2500
2250 2600 2450 2600
2250 2500 2450 2600
2100 2100 2200 2100
2200 2100 2300 2300
2300 2300 2100 2100
2300 2300 2290 2150
2600 4800 2010 4800
2600 4800 2600 6000
2700 4800 2700 6000
3200 4800 2700 4800
3700 4800 3200 6000
3500 4050 2550 4700
4000 4700 3500 6000
2250 4500 2250 4600
2450 4500 2450 4600
2450 4500 2250 4500
2450 4600 2250 4600
2450 4500 2250 4600
2200 4100 2100 4100
2300 4100 2200 4300
2100 4300 2300 4100
2290 4300 2300 4150
2600 6800 2010 6800
2600 8000 2600 6800
2700 8000 2700 6800
3200 6800 2700 6800
3700 8000 3200 6800
3500 6700 2550 6050
4000 8000 3500 6700
2250 6600 2250 6500
2450 6600 2450 6500
2450 6500 2250 6500
2450 6600 2250 6600
2450 6600 2250 6500
2200 6100 2100 6100
2300 6300 2200 6100
2100 6100 2300 6300
2290 6150 2300 6300
4600 800 4010 800
4600 800 4600 2000
4700 800 4700 2000
5200 800 4700 800
5700 800 5200 2000
5500 50 4550 700
6000 700 5500 2000
4250 500 4250 600
4450 500 4450 600
4450 500 4250 500
4450 600 4250 600
4450 500 4250 600
4200 100 4100 100
4300 100 4200 300
4100 300 4300 100
4290 300 4300 150
4010 2800 4600 2800
4600 4000 4600 2800
4700 4000 4700 2800
4700 2800 5200 2800
5200 4000 5700 2800
4550 2700 5500 2050
5500 4000 6000 2700
4250 2600 4250 2500
4450 2600 4450 2500
4250 2500 4450 2500
4250 2600 4450 2600
4250 2600 4450 2500
4100 2100 4200 2100
4200 2300 4300 2100
4300 2100 4100 2300
4300 2150 4290 2300
4600 4800 4010 4800
4600 6000 4600 4800
4700 6000 4700 4800
5200 4800 4700 4800
5700 6000 5200 4800
5500 4700 4550 4050
6000 6000 5500 4700
4250 4600 4250 4500
4450 4600 4450 4500
4450 4500 4250 4500
4450 4600 4250 4600
4450 4600 4250 4500
4200 4100 4100 4100
4300 4300 4200 4100
4100 4100 4300 4300
4290 4150 4300 4300
4600 6800 4010 6800
4600 8000 4600 6800
4700 8000 4700 6800
5200 6800 4700 6800
5700 8000 5200 6800
5500 6700 4550 6050
6000 8000 5500 6700
4250 6600 4250 6500
4450 6600 4450 6500
4450 6500 4250 6500
4450 6600 4250 6600
4450 6600 4250 6500
4200 6100 4100 6100
4300 6300 4200 6100
4100 6100 4300 6300
4290 6150 4300 6300
6600 800 6010 800
6600 2000 6600 800
6700 2000 6700 800
7200 800 6700 800
7700 2000 7200 800
7500 700 6550 50
8000 2000 7500 700
6250 600 6250 500
6450 600 6450 500
6450 500 6250 500
6450 600 6250 600
6450 600 6250 500
6200 100 6100 100
6300 300 6200 100
6100 100 6300 300
6290 150 6300 300
6010 2800 6600 2800
6600 2800 6600 4000
6700 2800 6700 4000
6700 2800 7200 2800
7200 2800 7700 4000
6550 2050 7500 2700
7500 2700 8000 4000
6250 2500 6250 2600
6450 2500 6450 2600
6250 2500 6450 2500
6250 2600 6450 2600
6250 2500 6450 2600
6100 2100 6200 2100
6200 2100 6300 2300
6300 2300 6100 2100
6300 2300 6290 2150
6010 4800 6600 4800
6600 4800 6600 6000
6700 4800 6700 6000
6700 4800 7200 4800
7200 4800 7700 6000
6550 4050 7500 4700
7500 4700 8000 6000
6250 4500 6250 4600
6450 4500 6450 4600
6250 4500 6450 4500
6250 4600 6450 4600
6250 4500 6450 4600
6100 4100 6200 4100
6200 4100 6300 4300
6300 4300 6100 4100
6300 4300 6290 4150
6010 6800 6600 6800
6600 8000 6600 6800
6700 8000 6700 6800
6700 6800 7200 6800
7200 8000 7700 6800
6550 6700 7500 6050
7500 8000 8000 6700
6250 6600 6250 6500
6450 6600 6450 6500
6250 6500 6450 6500
6250 6600 6450 6600
6250 6600 6450 6500
6100 6100 6200 6100
6200 6300 6300 6100
6300 6100 6100 6300
6300 6150 6290 6300
