10 800 600 800
600 800 600 2000
700 800 700 2000
700 800 1200 800
1200 800 1700 2000
550 50 1500 700
1500 700 2000 2000
250 500 250 600
450 500 450 600
250 500 450 500
250 600 450 600
250 500 450 600
100 100 200 100
200 100 300 300
300 300 100 100
300 300 290 150
600 2800 10 2800
600 4000 600 2800
700 4000 700 2800
1200 2800 700 2800
1700 4000 1200 2800
1500 2700 550 2050
2000 4000 1500 2700
250 2600 250 2500
450 2600 450 2500
450 2500 250 2500
450 2600 250 2600
450 2600 250 2500
200 2100 100 2100
300 2300 200 2100
100 2100 300 2300
290 2150 300 2300
10 4800 600 4800
600 6000 600 4800
700 6000 700 4800
700 4800 1200 4800
1200 6000 1700 4800
550 4700 1500 4050
1500 6000 2000 4700
250 4600 250 4500
450 4600 450 4500
250 4500 450 4500
250 4600 450 4600
250 4600 450 4500
100 4100 200 4100
200 4300 300 4100
300 4100 100 4300
300 4150 290 4300
10 6800 600 6800
600 6800 600 8000
700 6800 700 8000
700 6800 1200 6800
1200 6800 1700 8000
550 6050 1500 6700
1500 6700 2000 8000
250 6500 250 6600
450 6500 450 6600
250 6500 450 6500
250 6600 450 6600
250 6500 450 6600
100 6100 200 6100
200 6100 300 6300
300 6300 100 6100
300 6300 290 6150
600 8800 10 8800
600 8800 600 10000
700 8800 700 10000
1200 8800 700 8800
1700 8800 1200 10000
1500 8050 550 8700
2000 8700 1500 10000
250 8500 250 8600
450 8500 450 8600
450 8500 250 8500
450 8600 250 8600
450 8500 250 8600
200 8100 100 8100
300 8100 200 8300
100 8300 300 8100
290 8300 300 8150
2010 800 2600 800
2600 800 2600 2000
2700 800 2700 2000
2700 800 3200 800
3200 800 3700 2000
2550 50 3500 700
3500 700 4000 2000
2250 500 2250 600
2450 500 2450 600
2250 500 2450 500
2250 600 2450 600
2250 500 2450 600
2100 100 2200 100
2200 100 2300 300
2300 300 2100 100
2300 300 2290 150
2600 2800 2010 2800
2600 2800 2600 4000
2700 2800 2700 4000
3200 2800 2700 2800
3700 2800 3200 4000
3500 2050 2550 2700
4000 2700 3500 4000
2250 2500 2250 2600
2450 2500 2450 2600
2450 2500 2250 2500
2450 2600 2250 2600
2450 2500 2250 2600
2200 2100 2100 2100
2300 2100 2200 2300
2100 2300 2300 2100
2290 2300 2300 2150
2010 4800 2600 4800
2600 6000 2600 4800
2700 6000 2700 4800
2700 4800 3200 4800
3200 6000 3700 4800
2550 4700 3500 4050
3500 6000 4000 4700
2250 4600 2250 4500
2450 4600 2450 4500
2250 4500 2450 4500
2250 4600 2450 4600
2250 4600 2450 4500
2100 4100 2200 4100
2200 4300 2300 4100
2300 4100 2100 4300
2300 4150 2290 4300
2010 6800 2600 6800
2600 8000 2600 6800
2700 8000 2700 6800
2700 6800 3200 6800
3200 8000 3700 6800
2550 6700 3500 6050
3500 8000 4000 6700
2250 6600 2250 6500
2450 6600 2450 6500
2250 6500 2450 6500
2250 6600 2450 6600
2250 6600 2450 6500
2100 6100 2200 6100
2200 6300 2300 6100
2300 6100 2100 6300
2300 6150 2290 6300
2010 8800 2600 8800
2600 8800 2600 10000
2700 8800 2700 10000
2700 8800 3200 8800
3200 8800 3700 10000
2550 8050 3500 8700
3500 8700 4000 10000
2250 8500 2250 8600
2450 8500 2450 8600
2250 8500 2450 8500
2250 8600 2450 8600
2250 8500 2450 8600
2100 8100 2200 8100
2200 8100 2300 8300
2300 8300 2100 8100
2300 8300 2290 8150
4010 800 4600 800
4600 2000 4600 800
4700 2000 4700 800
4700 800 5200 800
5200 2000 5700 800
4550 700 5500 50
5500 2000 6000 700
4250 600 4250 500
4450 600 4450 500
4250 500 4450 500
4250 600 4450 600
4250 600 4450 500
4100 100 4200 100
4200 300 4300 100
4300 100 4100 300
4300 150 4290 300
4600 2800 4010 2800
4600 2800 4600 4000
4700 2800 4700 4000
5200 2800 4700 2800
5700 2800 5200 4000
5500 2050 4550 2700
6000 2700 5500 4000
4250 2500 4250 2600
4450 2500 4450 2600
4450 2500 4250 2500
4450 2600 4250 2600
4450 2500 4250 2600
4200 2100 4100 2100
4300 2100 4200 2300
4100 2300 4300 2100
4290 2300 4300 2150
4600 4800 4010 4800
4600 4800 4600 6000
4700 4800 4700 6000
5200 4800 4700 4800
5700 4800 5200 6000
5500 4050 4550 4700
6000 4700 5500 6000
4250 4500 4250 4600
4450 4500 4450 4600
4450 4500 4250 4500
4450 4600 4250 4600
4450 4500 4250 4600
4200 4100 4100 4100
4300 4100 4200 4300
4100 4300 4300 4100
4290 4300 4300 4150
4010 6800 4600 6800
4600 6800 4600 8000
4700 6800 4700 8000
4700 6800 5200 6800
5200 6800 5700 8000
4550 6050 5500 6700
5500 6700 6000 8000
4250 6500 4250 6600
4450 6500 4450 6600
4250 6500 4450 6500
4250 6600 4450 6600
4250 6500 4450 6600
4100 6100 4200 6100
4200 6100 4300 6300
4300 6300 4100 6100
4300 6300 4290 6150
4010 8800 4600 8800
4600 8800 4600 10000
4700 8800 4700 10000
4700 8800 5200 8800
5200 8800 5700 10000
4550 8050 5500 8700
5500 8700 6000 10000
4250 8500 4250 8600
4450 8500 4450 8600
4250 8500 4450 8500
4250 8600 4450 8600
4250 8500 4450 8600
4100 8100 4200 8100
4200 8100 4300 8300
4300 8300 4100 8100
4300 8300 4290 8150
6600 800 6010 800
6600 2000 6600 800
6700 2000 6700 800
7200 800 6700 800
7700 2000 7200 800
7500 700 6550 50
8000 2000 7500 700
6250 600 6250 500
6450 600 6450 500
6450 500 6250 500
6450 600 6250 600
6450 600 6250 500
6200 100 6100 100
6300 300 6200 100
6100 100 6300 300
6290 150 6300 300
6600 2800 6010 2800
6600 4000 6600 2800
6700 4000 6700 2800
7200 2800 6700 2800
7700 4000 7200 2800
7500 2700 6550 2050
8000 4000 7500 2700
6250 2600 6250 2500
6450 2600 6450 2500
6450 2500 6250 2500
6450 2600 6250 2600
6450 2600 6250 2500
6200 2100 6100 2100
6300 2300 6200 2100
6100 2100 6300 2300
6290 2150 6300 2300
6010 4800 6600 4800
6600 4800 6600 6000
6700 4800 6700 6000
6700 4800 7200 4800
7200 4800 7700 6000
6550 4050 7500 4700
7500 4700 8000 6000
6250 4500 6250 4600
6450 4500 6450 4600
6250 4500 6450 4500
6250 4600 6450 4600
6250 4500 6450 4600
6100 4100 6200 4100
6200 4100 6300 4300
6300 4300 6100 4100
6300 4300 6290 4150
6600 6800 6010 6800
6600 6800 6600 8000
6700 6800 6700 8000
7200 6800 6700 6800
7700 6800 7200 8000
7500 6050 6550 6700
8000 6700 7500 8000
6250 6500 6250 6600
6450 6500 6450 6600
6450 6500 6250 6500
6450 6600 6250 6600
6450 6500 6250 6600
6200 6100 6100 6100
6300 6100 6200 6300
6100 6300 6300 6100
6290 6300 6300 6150
6010 8800 6600 8800
6600 10000 6600 8800
6700 10000 6700 8800
6700 8800 7200 8800
7200 10000 7700 8800
6550 8700 7500 8050
7500 10000 8000 8700
6250 8600 6250 8500
6450 8600 6450 8500
6250 8500 6450 8500
6250 8600 6450 8600
6250 8600 6450 8500
6100 8100 6200 8100
6200 8300 6300 8100
6300 8100 6100 8300
6300 8150 6290 8300
8010 800 8600 800
8600 2000 8600 800
8700 2000 8700 800
8700 800 9200 800
9200 2000 9700 800
8550 700 9500 50
9500 2000 10000 700
8250 600 8250 500
8450 600 8450 500
8250 500 8450 500
8250 600 8450 600
8250 600 8450 500
8100 100 8200 100
8200 300 8300 100
8300 100 8100 300
8300 150 8290 300
8600 2800 8010 2800
8600 4000 8600 2800
8700 4000 8700 2800
9200 2800 8700 2800
9700 4000 9200 2800
9500 2700 8550 2050
10000 4000 9500 2700
8250 2600 8250 2500
8450 2600 8450 2500
8450 2500 8250 2500
8450 2600 8250 2600
8450 2600 8250 2500
8200 2100 8100 2100
8300 2300 8200 2100
8100 2100 8300 2300
8290 2150 8300 2300
8600 4800 8010 4800
8600 6000 8600 4800
8700 6000 8700 4800
9200 4800 8700 4800
9700 6000 9200 4800
9500 4700 8550 4050
10000 6000 9500 4700
8250 4600 8250 4500
8450 4600 8450 4500
8450 4500 8250 4500
8450 4600 8250 4600
8450 4600 8250 4500
8200 4100 8100 4100
8300 4300 8200 4100
8100 4100 8300 4300
8290 4150 8300 4300
8600 6800 8010 6800
8600 8000 8600 6800
8700 8000 8700 6800
9200 6800 8700 6800
9700 8000 9200 6800
9500 6700 8550 6050
10000 8000 9500 6700
8250 6600 8250 6500
8450 6600 8450 6500
8450 6500 8250 6500
8450 6600 8250 6600
8450 6600 8250 6500
8200 6100 8100 6100
8300 6300 8200 6100
8100 6100 8300 6300
8290 6150 8300 6300
8010 8800 8600 8800
8600 10000 8600 8800
8700 10000 8700 8800
8700 8800 9200 8800
9200 10000 9700 8800
8550 8700 9500 8050
9500 10000 10000 8700
8250 8600 8250 8500
8450 8600 8450 8500
8250 8500 8450 8500
8250 8600 8450 8600
8250 8600 8450 8500
8100 8100 8200 8100
8200 8300 8300 8100
8300 8100 8100 8300
8300 8150 8290 8300
