10 800 600 800
600 2000 600 800
700 2000 700 800
700 800 1200 800
1200 2000 1700 800
550 700 1500 50
1500 2000 2000 700
250 600 250 500
450 600 450 500
250 500 450 500
250 600 450 600
250 600 450 500
100 100 200 100
200 300 300 100
300 100 100 300
300 150 290 300
600 2800 10 2800
600 4000 600 2800
700 4000 700 2800
1200 2800 700 2800
1700 4000 1200 2800
1500 2700 550 2050
2000 4000 1500 2700
250 2600 250 2500
450 2600 450 2500
450 2500 250 2500
450 2600 250 2600
450 2600 250 2500
200 2100 100 2100
300 2300 200 2100
100 2100 300 2300
290 2150 300 2300
600 4800 10 4800
600 6000 600 4800
700 6000 700 4800
1200 4800 700 4800
1700 6000 1200 4800
1500 4700 550 4050
2000 6000 1500 4700
250 4600 250 4500
450 4600 450 4500
450 4500 250 4500
450 4600 250 4600
450 4600 250 4500
200 4100 100 4100
300 4300 200 4100
100 4100 300 4300
290 4150 300 4300
10 6800 600 6800
600 8000 600 6800
700 8000 700 6800
700 6800 1200 6800
1200 8000 1700 6800
550 6700 1500 6050
1500 8000 2000 6700
250 6600 250 6500
450 6600 450 6500
250 6500 450 6500
250 6600 450 6600
250 6600 450 6500
100 6100 200 6100
200 6300 300 6100
300 6100 100 6300
300 6150 290 6300
10 8800 600 8800
600 10000 600 8800
700 10000 700 8800
700 8800 1200 8800
1200 10000 1700 8800
550 8700 1500 8050
1500 10000 2000 8700
250 8600 250 8500
450 8600 450 8500
250 8500 450 8500
250 8600 450 8600
250 8600 450 8500
100 8100 200 8100
200 8300 300 8100
300 8100 100 8300
300 8150 290 8300
600 10800 10 10800
600 12000 600 10800
700 12000 700 10800
1200 10800 700 10800
1700 12000 1200 10800
1500 10700 550 10050
2000 12000 1500 10700
250 10600 250 10500
450 10600 450 10500
450 10500 250 10500
450 10600 250 10600
450 10600 250 10500
200 10100 100 10100
300 10300 200 10100
100 10100 300 10300
290 10150 300 10300
600 12800 10 12800
600 14000 600 12800
700 14000 700 12800
1200 12800 700 12800
1700 14000 1200 12800
1500 12700 550 12050
2000 14000 1500 12700
250 12600 250 12500
450 12600 450 12500
450 12500 250 12500
450 12600 250 12600
450 12600 250 12500
200 12100 100 12100
300 12300 200 12100
100 12100 300 12300
290 12150 300 12300
600 14800 10 14800
600 14800 600 16000
700 14800 700 16000
1200 14800 700 14800
1700 14800 1200 16000
1500 14050 550 14700
2000 14700 1500 16000
250 14500 250 14600
450 14500 450 14600
450 14500 250 14500
450 14600 250 14600
450 14500 250 14600
200 14100 100 14100
300 14100 200 14300
100 14300 300 14100
290 14300 300 14150
10 16800 600 16800
600 16800 600 18000
700 16800 700 18000
700 16800 1200 16800
1200 16800 1700 18000
550 16050 1500 16700
1500 16700 2000 18000
250 16500 250 16600
450 16500 450 16600
250 16500 450 16500
250 16600 450 16600
250 16500 450 16600
100 16100 200 16100
200 16100 300 16300
300 16300 100 16100
300 16300 290 16150
2010 800 2600 800
2600 2000 2600 800
2700 2000 2700 800
2700 800 3200 800
3200 2000 3700 800
2550 700 3500 50
3500 2000 4000 700
2250 600 2250 500
2450 600 2450 500
2250 500 2450 500
2250 600 2450 600
2250 600 2450 500
2100 100 2200 100
2200 300 2300 100
2300 100 2100 300
2300 150 2290 300
2600 2800 2010 2800
2600 2800 2600 4000
2700 2800 2700 4000
3200 2800 2700 2800
3700 2800 3200 4000
3500 2050 2550 2700
4000 2700 3500 4000
2250 2500 2250 2600
2450 2500 2450 2600
2450 2500 2250 2500
2450 2600 2250 2600
2450 2500 2250 2600
2200 2100 2100 2100
2300 2100 2200 2300
2100 2300 2300 2100
2290 2300 2300 2150
2010 4800 2600 4800
2600 6000 2600 4800
2700 6000 2700 4800
2700 4800 3200 4800
3200 6000 3700 4800
2550 4700 3500 4050
3500 6000 4000 4700
2250 4600 2250 4500
2450 4600 2450 4500
2250 4500 2450 4500
2250 4600 2450 4600
2250 4600 2450 4500
2100 4100 2200 4100
2200 4300 2300 4100
2300 4100 2100 4300
2300 4150 2290 4300
2010 6800 2600 6800
2600 8000 2600 6800
2700 8000 2700 6800
2700 6800 3200 6800
3200 8000 3700 6800
2550 6700 3500 6050
3500 8000 4000 6700
2250 6600 2250 6500
2450 6600 2450 6500
2250 6500 2450 6500
2250 6600 2450 6600
2250 6600 2450 6500
2100 6100 2200 6100
2200 6300 2300 6100
2300 6100 2100 6300
2300 6150 2290 6300
2010 8800 2600 8800
2600 10000 2600 8800
2700 10000 2700 8800
2700 8800 3200 8800
3200 10000 3700 8800
2550 8700 3500 8050
3500 10000 4000 8700
2250 8600 2250 8500
2450 8600 2450 8500
2250 8500 2450 8500
2250 8600 2450 8600
2250 8600 2450 8500
2100 8100 2200 8100
2200 8300 2300 8100
2300 8100 2100 8300
2300 8150 2290 8300
2600 10800 2010 10800
2600 10800 2600 12000
2700 10800 2700 12000
3200 10800 2700 10800
3700 10800 3200 12000
3500 10050 2550 10700
4000 10700 3500 12000
2250 10500 2250 10600
2450 10500 2450 10600
2450 10500 2250 10500
2450 10600 2250 10600
2450 10500 2250 10600
2200 10100 2100 10100
2300 10100 2200 10300
2100 10300 2300 10100
2290 10300 2300 10150
2010 12800 2600 12800
2600 14000 2600 12800
2700 14000 2700 12800
2700 12800 3200 12800
3200 14000 3700 12800
2550 12700 3500 12050
3500 14000 4000 12700
2250 12600 2250 12500
2450 12600 2450 12500
2250 12500 2450 12500
2250 12600 2450 12600
2250 12600 2450 12500
2100 12100 2200 12100
2200 12300 2300 12100
2300 12100 2100 12300
2300 12150 2290 12300
2010 14800 2600 14800
2600 14800 2600 16000
2700 14800 2700 16000
2700 14800 3200 14800
3200 14800 3700 16000
2550 14050 3500 14700
3500 14700 4000 16000
2250 14500 2250 14600
2450 14500 2450 14600
2250 14500 2450 14500
2250 14600 2450 14600
2250 14500 2450 14600
2100 14100 2200 14100
2200 14100 2300 14300
2300 14300 2100 14100
2300 14300 2290 14150
2010 16800 2600 16800
2600 18000 2600 16800
2700 18000 2700 16800
2700 16800 3200 16800
3200 18000 3700 16800
2550 16700 3500 16050
3500 18000 4000 16700
2250 16600 2250 16500
2450 16600 2450 16500
2250 16500 2450 16500
2250 16600 2450 16600
2250 16600 2450 16500
2100 16100 2200 16100
2200 16300 2300 16100
2300 16100 2100 16300
2300 16150 2290 16300
4010 800 4600 800
4600 800 4600 2000
4700 800 4700 2000
4700 800 5200 800
5200 800 5700 2000
4550 50 5500 700
5500 700 6000 2000
4250 500 4250 600
4450 500 4450 600
4250 500 4450 500
4250 600 4450 600
4250 500 4450 600
4100 100 4200 100
4200 100 4300 300
4300 300 4100 100
4300 300 4290 150
4010 2800 4600 2800
4600 2800 4600 4000
4700 2800 4700 4000
4700 2800 5200 2800
5200 2800 5700 4000
4550 2050 5500 2700
5500 2700 6000 4000
4250 2500 4250 2600
4450 2500 4450 2600
4250 2500 4450 2500
4250 2600 4450 2600
4250 2500 4450 2600
4100 2100 4200 2100
4200 2100 4300 2300
4300 2300 4100 2100
4300 2300 4290 2150
4600 4800 4010 4800
4600 6000 4600 4800
4700 6000 4700 4800
5200 4800 4700 4800
5700 6000 5200 4800
5500 4700 4550 4050
6000 6000 5500 4700
4250 4600 4250 4500
4450 4600 4450 4500
4450 4500 4250 4500
4450 4600 4250 4600
4450 4600 4250 4500
4200 4100 4100 4100
4300 4300 4200 4100
4100 4100 4300 4300
4290 4150 4300 4300
4010 6800 4600 6800
4600 6800 4600 8000
4700 6800 4700 8000
4700 6800 5200 6800
5200 6800 5700 8000
4550 6050 5500 6700
5500 6700 6000 8000
4250 6500 4250 6600
4450 6500 4450 6600
4250 6500 4450 6500
4250 6600 4450 6600
4250 6500 4450 6600
4100 6100 4200 6100
4200 6100 4300 6300
4300 6300 4100 6100
4300 6300 4290 6150
4600 8800 4010 8800
4600 8800 4600 10000
4700 8800 4700 10000
5200 8800 4700 8800
5700 8800 5200 10000
5500 8050 4550 8700
6000 8700 5500 10000
4250 8500 4250 8600
4450 8500 4450 8600
4450 8500 4250 8500
4450 8600 4250 8600
4450 8500 4250 8600
4200 8100 4100 8100
4300 8100 4200 8300
4100 8300 4300 8100
4290 8300 4300 8150
4600 10800 4010 10800
4600 10800 4600 12000
4700 10800 4700 12000
5200 10800 4700 10800
5700 10800 5200 12000
5500 10050 4550 10700
6000 10700 5500 12000
4250 10500 4250 10600
4450 10500 4450 10600
4450 10500 4250 10500
4450 10600 4250 10600
4450 10500 4250 10600
4200 10100 4100 10100
4300 10100 4200 10300
4100 10300 4300 10100
4290 10300 4300 10150
4600 12800 4010 12800
4600 14000 4600 12800
4700 14000 4700 12800
5200 12800 4700 12800
5700 14000 5200 12800
5500 12700 4550 12050
6000 14000 5500 12700
4250 12600 4250 12500
4450 12600 4450 12500
4450 12500 4250 12500
4450 12600 4250 12600
4450 12600 4250 12500
4200 12100 4100 12100
4300 12300 4200 12100
4100 12100 4300 12300
4290 12150 4300 12300
4600 14800 4010 14800
4600 16000 4600 14800
4700 16000 4700 14800
5200 14800 4700 14800
5700 16000 5200 14800
5500 14700 4550 14050
6000 16000 5500 14700
4250 14600 4250 14500
4450 14600 4450 14500
4450 14500 4250 14500
4450 14600 4250 14600
4450 14600 4250 14500
4200 14100 4100 14100
4300 14300 4200 14100
4100 14100 4300 14300
4290 14150 4300 14300
4010 16800 4600 16800
4600 18000 4600 16800
4700 18000 4700 16800
4700 16800 5200 16800
5200 18000 5700 16800
4550 16700 5500 16050
5500 18000 6000 16700
4250 16600 4250 16500
4450 16600 4450 16500
4250 16500 4450 16500
4250 16600 4450 16600
4250 16600 4450 16500
4100 16100 4200 16100
4200 16300 4300 16100
4300 16100 4100 16300
4300 16150 4290 16300
6010 800 6600 800
6600 800 6600 2000
6700 800 6700 2000
6700 800 7200 800
7200 800 7700 2000
6550 50 7500 700
7500 700 8000 2000
6250 500 6250 600
6450 500 6450 600
6250 500 6450 500
6250 600 6450 600
6250 500 6450 600
6100 100 6200 100
6200 100 6300 300
6300 300 6100 100
6300 300 6290 150
6600 2800 6010 2800
6600 2800 6600 4000
6700 2800 6700 4000
7200 2800 6700 2800
7700 2800 7200 4000
7500 2050 6550 2700
8000 2700 7500 4000
6250 2500 6250 2600
6450 2500 6450 2600
6450 2500 6250 2500
6450 2600 6250 2600
6450 2500 6250 2600
6200 2100 6100 2100
6300 2100 6200 2300
6100 2300 6300 2100
6290 2300 6300 2150
6010 4800 6600 4800
6600 4800 6600 6000
6700 4800 6700 6000
6700 4800 7200 4800
7200 4800 7700 6000
6550 4050 7500 4700
7500 4700 8000 6000
6250 4500 6250 4600
6450 4500 6450 4600
6250 4500 6450 4500
6250 4600 6450 4600
6250 4500 6450 4600
6100 4100 6200 4100
6200 4100 6300 4300
6300 4300 6100 4100
6300 4300 6290 4150
6600 6800 6010 6800
6600 6800 6600 8000
6700 6800 6700 8000
7200 6800 6700 6800
7700 6800 7200 8000
7500 6050 6550 6700
8000 6700 7500 8000
6250 6500 6250 6600
6450 6500 6450 6600
6450 6500 6250 6500
6450 6600 6250 6600
6450 6500 6250 6600
6200 6100 6100 6100
6300 6100 6200 6300
6100 6300 6300 6100
6290 6300 6300 6150
6600 8800 6010 8800
6600 8800 6600 10000
6700 8800 6700 10000
7200 8800 6700 8800
7700 8800 7200 10000
7500 8050 6550 8700
8000 8700 7500 10000
6250 8500 6250 8600
6450 8500 6450 8600
6450 8500 6250 8500
6450 8600 6250 8600
6450 8500 6250 8600
6200 8100 6100 8100
6300 8100 6200 8300
6100 8300 6300 8100
6290 8300 6300 8150
6010 10800 6600 10800
6600 10800 6600 12000
6700 10800 6700 12000
6700 10800 7200 10800
7200 10800 7700 12000
6550 10050 7500 10700
7500 10700 8000 12000
6250 10500 6250 10600
6450 10500 6450 10600
6250 10500 6450 10500
6250 10600 6450 10600
6250 10500 6450 10600
6100 10100 6200 10100
6200 10100 6300 10300
6300 10300 6100 10100
6300 10300 6290 10150
6600 12800 6010 12800
6600 12800 6600 14000
6700 12800 6700 14000
7200 12800 6700 12800
7700 12800 7200 14000
7500 12050 6550 12700
8000 12700 7500 14000
6250 12500 6250 12600
6450 12500 6450 12600
6450 12500 6250 12500
6450 12600 6250 12600
6450 12500 6250 12600
6200 12100 6100 12100
6300 12100 6200 12300
6100 12300 6300 12100
6290 12300 6300 12150
6600 14800 6010 14800
6600 16000 6600 14800
6700 16000 6700 14800
7200 14800 6700 14800
7700 16000 7200 14800
7500 14700 6550 14050
8000 16000 7500 14700
6250 14600 6250 14500
6450 14600 6450 14500
6450 14500 6250 14500
6450 14600 6250 14600
6450 14600 6250 14500
6200 14100 6100 14100
6300 14300 6200 14100
6100 14100 6300 14300
6290 14150 6300 14300
6010 16800 6600 16800
6600 18000 6600 16800
6700 18000 6700 16800
6700 16800 7200 16800
7200 18000 7700 16800
6550 16700 7500 16050
7500 18000 8000 16700
6250 16600 6250 16500
6450 16600 6450 16500
6250 16500 6450 16500
6250 16600 6450 16600
6250 16600 6450 16500
6100 16100 6200 16100
6200 16300 6300 16100
6300 16100 6100 16300
6300 16150 6290 16300
8010 800 8600 800
8600 2000 8600 800
8700 2000 8700 800
8700 800 9200 800
9200 2000 9700 800
8550 700 9500 50
9500 2000 10000 700
8250 600 8250 500
8450 600 8450 500
8250 500 8450 500
8250 600 8450 600
8250 600 8450 500
8100 100 8200 100
8200 300 8300 100
8300 100 8100 300
8300 150 8290 300
8010 2800 8600 2800
8600 2800 8600 4000
8700 2800 8700 4000
8700 2800 9200 2800
9200 2800 9700 4000
8550 2050 9500 2700
9500 2700 10000 4000
8250 2500 8250 2600
8450 2500 8450 2600
8250 2500 8450 2500
8250 2600 8450 2600
8250 2500 8450 2600
8100 2100 8200 2100
8200 2100 8300 2300
8300 2300 8100 2100
8300 2300 8290 2150
8010 4800 8600 4800
8600 4800 8600 6000
8700 4800 8700 6000
8700 4800 9200 4800
9200 4800 9700 6000
8550 4050 9500 4700
9500 4700 10000 6000
8250 4500 8250 4600
8450 4500 8450 4600
8250 4500 8450 4500
8250 4600 8450 4600
8250 4500 8450 4600
8100 4100 8200 4100
8200 4100 8300 4300
8300 4300 8100 4100
8300 4300 8290 4150
8010 6800 8600 6800
8600 6800 8600 8000
8700 6800 8700 8000
8700 6800 9200 6800
9200 6800 9700 8000
8550 6050 9500 6700
9500 6700 10000 8000
8250 6500 8250 6600
8450 6500 8450 6600
8250 6500 8450 6500
8250 6600 8450 6600
8250 6500 8450 6600
8100 6100 8200 6100
8200 6100 8300 6300
8300 6300 8100 6100
8300 6300 8290 6150
8600 8800 8010 8800
8600 10000 8600 8800
8700 10000 8700 8800
9200 8800 8700 8800
9700 10000 9200 8800
9500 8700 8550 8050
10000 10000 9500 8700
8250 8600 8250 8500
8450 8600 8450 8500
8450 8500 8250 8500
8450 8600 8250 8600
8450 8600 8250 8500
8200 8100 8100 8100
8300 8300 8200 8100
8100 8100 8300 8300
8290 8150 8300 8300
8600 10800 8010 10800
8600 10800 8600 12000
8700 10800 8700 12000
9200 10800 8700 10800
9700 10800 9200 12000
9500 10050 8550 10700
10000 10700 9500 12000
8250 10500 8250 10600
8450 10500 8450 10600
8450 10500 8250 10500
8450 10600 8250 10600
8450 10500 8250 10600
8200 10100 8100 10100
8300 10100 8200 10300
8100 10300 8300 10100
8290 10300 8300 10150
8600 12800 8010 12800
8600 12800 8600 14000
8700 12800 8700 14000
9200 12800 8700 12800
9700 12800 9200 14000
9500 12050 8550 12700
10000 12700 9500 14000
8250 12500 8250 12600
8450 12500 8450 12600
8450 12500 8250 12500
8450 12600 8250 12600
8450 12500 8250 12600
8200 12100 8100 12100
8300 12100 8200 12300
8100 12300 8300 12100
8290 12300 8300 12150
8600 14800 8010 14800
8600 16000 8600 14800
8700 16000 8700 14800
9200 14800 8700 14800
9700 16000 9200 14800
9500 14700 8550 14050
10000 16000 9500 14700
8250 14600 8250 14500
8450 14600 8450 14500
8450 14500 8250 14500
8450 14600 8250 14600
8450 14600 8250 14500
8200 14100 8100 14100
8300 14300 8200 14100
8100 14100 8300 14300
8290 14150 8300 14300
8010 16800 8600 16800
8600 18000 8600 16800
8700 18000 8700 16800
8700 16800 9200 16800
9200 18000 9700 16800
8550 16700 9500 16050
9500 18000 10000 16700
8250 16600 8250 16500
8450 16600 8450 16500
8250 16500 8450 16500
8250 16600 8450 16600
8250 16600 8450 16500
8100 16100 8200 16100
8200 16300 8300 16100
8300 16100 8100 16300
8300 16150 8290 16300
10600 800 10010 800
10600 2000 10600 800
10700 2000 10700 800
11200 800 10700 800
11700 2000 11200 800
11500 700 10550 50
12000 2000 11500 700
10250 600 10250 500
10450 600 10450 500
10450 500 10250 500
10450 600 10250 600
10450 600 10250 500
10200 100 10100 100
10300 300 10200 100
10100 100 10300 300
10290 150 10300 300
10010 2800 10600 2800
10600 2800 10600 4000
10700 2800 10700 4000
10700 2800 11200 2800
11200 2800 11700 4000
10550 2050 11500 2700
11500 2700 12000 4000
10250 2500 10250 2600
10450 2500 10450 2600
10250 2500 10450 2500
10250 2600 10450 2600
10250 2500 10450 2600
10100 2100 10200 2100
10200 2100 10300 2300
10300 2300 10100 2100
10300 2300 10290 2150
10600 4800 10010 4800
10600 6000 10600 4800
10700 6000 10700 4800
11200 4800 10700 4800
11700 6000 11200 4800
11500 4700 10550 4050
12000 6000 11500 4700
10250 4600 10250 4500
10450 4600 10450 4500
10450 4500 10250 4500
10450 4600 10250 4600
10450 4600 10250 4500
10200 4100 10100 4100
10300 4300 10200 4100
10100 4100 10300 4300
10290 4150 10300 4300
10600 6800 10010 6800
10600 8000 10600 6800
10700 8000 10700 6800
11200 6800 10700 6800
11700 8000 11200 6800
11500 6700 10550 6050
12000 8000 11500 6700
10250 6600 10250 6500
10450 6600 10450 6500
10450 6500 10250 6500
10450 6600 10250 6600
10450 6600 10250 6500
10200 6100 10100 6100
10300 6300 10200 6100
10100 6100 10300 6300
10290 6150 10300 6300
10600 8800 10010 8800
10600 10000 10600 8800
10700 10000 10700 8800
11200 8800 10700 8800
11700 10000 11200 8800
11500 8700 10550 8050
12000 10000 11500 8700
10250 8600 10250 8500
10450 8600 10450 8500
10450 8500 10250 8500
10450 8600 10250 8600
10450 8600 10250 8500
10200 8100 10100 8100
10300 8300 10200 8100
10100 8100 10300 8300
10290 8150 10300 8300
10600 10800 10010 10800
10600 10800 10600 12000
10700 10800 10700 12000
11200 10800 10700 10800
11700 10800 11200 12000
11500 10050 10550 10700
12000 10700 11500 12000
10250 10500 10250 10600
10450 10500 10450 10600
10450 10500 10250 10500
10450 10600 10250 10600
10450 10500 10250 10600
10200 10100 10100 10100
10300 10100 10200 10300
10100 10300 10300 10100
10290 10300 10300 10150
10010 12800 10600 12800
10600 14000 10600 12800
10700 14000 10700 12800
10700 12800 11200 12800
11200 14000 11700 12800
10550 12700 11500 12050
11500 14000 12000 12700
10250 12600 10250 12500
10450 12600 10450 12500
10250 12500 10450 12500
10250 12600 10450 12600
10250 12600 10450 12500
10100 12100 10200 12100
10200 12300 10300 12100
10300 12100 10100 12300
10300 12150 10290 12300
10010 14800 10600 14800
10600 16000 10600 14800
10700 16000 10700 14800
10700 14800 11200 14800
11200 16000 11700 14800
10550 14700 11500 14050
11500 16000 12000 14700
10250 14600 10250 14500
10450 14600 10450 14500
10250 14500 10450 14500
10250 14600 10450 14600
10250 14600 10450 14500
10100 14100 10200 14100
10200 14300 10300 14100
10300 14100 10100 14300
10300 14150 10290 14300
10010 16800 10600 16800
10600 16800 10600 18000
10700 16800 10700 18000
10700 16800 11200 16800
11200 16800 11700 18000
10550 16050 11500 16700
11500 16700 12000 18000
10250 16500 10250 16600
10450 16500 10450 16600
10250 16500 10450 16500
10250 16600 10450 16600
10250 16500 10450 16600
10100 16100 10200 16100
10200 16100 10300 16300
10300 16300 10100 16100
10300 16300 10290 16150
12010 800 12600 800
12600 2000 12600 800
12700 2000 12700 800
12700 800 13200 800
13200 2000 13700 800
12550 700 13500 50
13500 2000 14000 700
12250 600 12250 500
12450 600 12450 500
12250 500 12450 500
12250 600 12450 600
12250 600 12450 500
12100 100 12200 100
12200 300 12300 100
12300 100 12100 300
12300 150 12290 300
12600 2800 12010 2800
12600 2800 12600 4000
12700 2800 12700 4000
13200 2800 12700 2800
13700 2800 13200 4000
13500 2050 12550 2700
14000 2700 13500 4000
12250 2500 12250 2600
12450 2500 12450 2600
12450 2500 12250 2500
12450 2600 12250 2600
12450 2500 12250 2600
12200 2100 12100 2100
12300 2100 12200 2300
12100 2300 12300 2100
12290 2300 12300 2150
12600 4800 12010 4800
12600 4800 12600 6000
12700 4800 12700 6000
13200 4800 12700 4800
13700 4800 13200 6000
13500 4050 12550 4700
14000 4700 13500 6000
12250 4500 12250 4600
12450 4500 12450 4600
12450 4500 12250 4500
12450 4600 12250 4600
12450 4500 12250 4600
12200 4100 12100 4100
12300 4100 12200 4300
12100 4300 12300 4100
12290 4300 12300 4150
12600 6800 12010 6800
12600 6800 12600 8000
12700 6800 12700 8000
13200 6800 12700 6800
13700 6800 13200 8000
13500 6050 12550 6700
14000 6700 13500 8000
12250 6500 12250 6600
12450 6500 12450 6600
12450 6500 12250 6500
12450 6600 12250 6600
12450 6500 12250 6600
12200 6100 12100 6100
12300 6100 12200 6300
12100 6300 12300 6100
12290 6300 12300 6150
12600 8800 12010 8800
12600 10000 12600 8800
12700 10000 12700 8800
13200 8800 12700 8800
13700 10000 13200 8800
13500 8700 12550 8050
14000 10000 13500 8700
12250 8600 12250 8500
12450 8600 12450 8500
12450 8500 12250 8500
12450 8600 12250 8600
12450 8600 12250 8500
12200 8100 12100 8100
12300 8300 12200 8100
12100 8100 12300 8300
12290 8150 12300 8300
12010 10800 12600 10800
12600 12000 12600 10800
12700 12000 12700 10800
12700 10800 13200 10800
13200 12000 13700 10800
12550 10700 13500 10050
13500 12000 14000 10700
12250 10600 12250 10500
12450 10600 12450 10500
12250 10500 12450 10500
12250 10600 12450 10600
12250 10600 12450 10500
12100 10100 12200 10100
12200 10300 12300 10100
12300 10100 12100 10300
12300 10150 12290 10300
12600 12800 12010 12800
12600 12800 12600 14000
12700 12800 12700 14000
13200 12800 12700 12800
13700 12800 13200 14000
13500 12050 12550 12700
14000 12700 13500 14000
12250 12500 12250 12600
12450 12500 12450 12600
12450 12500 12250 12500
12450 12600 12250 12600
12450 12500 12250 12600
12200 12100 12100 12100
12300 12100 12200 12300
12100 12300 12300 12100
12290 12300 12300 12150
12010 14800 12600 14800
12600 14800 12600 16000
12700 14800 12700 16000
12700 14800 13200 14800
13200 14800 13700 16000
12550 14050 13500 14700
13500 14700 14000 16000
12250 14500 12250 14600
12450 14500 12450 14600
12250 14500 12450 14500
12250 14600 12450 14600
12250 14500 12450 14600
12100 14100 12200 14100
12200 14100 12300 14300
12300 14300 12100 14100
12300 14300 12290 14150
12010 16800 12600 16800
12600 16800 12600 18000
12700 16800 12700 18000
12700 16800 13200 16800
13200 16800 13700 18000
12550 16050 13500 16700
13500 16700 14000 18000
12250 16500 12250 16600
12450 16500 12450 16600
12250 16500 12450 16500
12250 16600 12450 16600
12250 16500 12450 16600
12100 16100 12200 16100
12200 16100 12300 16300
12300 16300 12100 16100
12300 16300 12290 16150
14010 800 14600 800
14600 2000 14600 800
14700 2000 14700 800
14700 800 15200 800
15200 2000 15700 800
14550 700 15500 50
15500 2000 16000 700
14250 600 14250 500
14450 600 14450 500
14250 500 14450 500
14250 600 14450 600
14250 600 14450 500
14100 100 14200 100
14200 300 14300 100
14300 100 14100 300
14300 150 14290 300
14010 2800 14600 2800
14600 4000 14600 2800
14700 4000 14700 2800
14700 2800 15200 2800
15200 4000 15700 2800
14550 2700 15500 2050
15500 4000 16000 2700
14250 2600 14250 2500
14450 2600 14450 2500
14250 2500 14450 2500
14250 2600 14450 2600
14250 2600 14450 2500
14100 2100 14200 2100
14200 2300 14300 2100
14300 2100 14100 2300
14300 2150 14290 2300
14600 4800 14010 4800
14600 6000 14600 4800
14700 6000 14700 4800
15200 4800 14700 4800
15700 6000 15200 4800
15500 4700 14550 4050
16000 6000 15500 4700
14250 4600 14250 4500
14450 4600 14450 4500
14450 4500 14250 4500
14450 4600 14250 4600
14450 4600 14250 4500
14200 4100 14100 4100
14300 4300 14200 4100
14100 4100 14300 4300
14290 4150 14300 4300
14010 6800 14600 6800
14600 6800 14600 8000
14700 6800 14700 8000
14700 6800 15200 6800
15200 6800 15700 8000
14550 6050 15500 6700
15500 6700 16000 8000
14250 6500 14250 6600
14450 6500 14450 6600
14250 6500 14450 6500
14250 6600 14450 6600
14250 6500 14450 6600
14100 6100 14200 6100
14200 6100 14300 6300
14300 6300 14100 6100
14300 6300 14290 6150
14600 8800 14010 8800
14600 8800 14600 10000
14700 8800 14700 10000
15200 8800 14700 8800
15700 8800 15200 10000
15500 8050 14550 8700
16000 8700 15500 10000
14250 8500 14250 8600
14450 8500 14450 8600
14450 8500 14250 8500
14450 8600 14250 8600
14450 8500 14250 8600
14200 8100 14100 8100
14300 8100 14200 8300
14100 8300 14300 8100
14290 8300 14300 8150
14010 10800 14600 10800
14600 12000 14600 10800
14700 12000 14700 10800
14700 10800 15200 10800
15200 12000 15700 10800
14550 10700 15500 10050
15500 12000 16000 10700
14250 10600 14250 10500
14450 10600 14450 10500
14250 10500 14450 10500
14250 10600 14450 10600
14250 10600 14450 10500
14100 10100 14200 10100
14200 10300 14300 10100
14300 10100 14100 10300
14300 10150 14290 10300
14010 12800 14600 12800
14600 14000 14600 12800
14700 14000 14700 12800
14700 12800 15200 12800
15200 14000 15700 12800
14550 12700 15500 12050
15500 14000 16000 12700
14250 12600 14250 12500
14450 12600 14450 12500
14250 12500 14450 12500
14250 12600 14450 12600
14250 12600 14450 12500
14100 12100 14200 12100
14200 12300 14300 12100
14300 12100 14100 12300
14300 12150 14290 12300
14010 14800 14600 14800
14600 16000 14600 14800
14700 16000 14700 14800
14700 14800 15200 14800
15200 16000 15700 14800
14550 14700 15500 14050
15500 16000 16000 14700
14250 14600 14250 14500
14450 14600 14450 14500
14250 14500 14450 14500
14250 14600 14450 14600
14250 14600 14450 14500
14100 14100 14200 14100
14200 14300 14300 14100
14300 14100 14100 14300
14300 14150 14290 14300
14010 16800 14600 16800
14600 18000 14600 16800
14700 18000 14700 16800
14700 16800 15200 16800
15200 18000 15700 16800
14550 16700 15500 16050
15500 18000 16000 16700
14250 16600 14250 16500
14450 16600 14450 16500
14250 16500 14450 16500
14250 16600 14450 16600
14250 16600 14450 16500
14100 16100 14200 16100
14200 16300 14300 16100
14300 16100 14100 16300
14300 16150 14290 16300
16010 800 16600 800
16600 800 16600 2000
16700 800 16700 2000
16700 800 17200 800
17200 800 17700 2000
16550 50 17500 700
17500 700 18000 2000
16250 500 16250 600
16450 500 16450 600
16250 500 16450 500
16250 600 16450 600
16250 500 16450 600
16100 100 16200 100
16200 100 16300 300
16300 300 16100 100
16300 300 16290 150
16600 2800 16010 2800
16600 2800 16600 4000
16700 2800 16700 4000
17200 2800 16700 2800
17700 2800 17200 4000
17500 2050 16550 2700
18000 2700 17500 4000
16250 2500 16250 2600
16450 2500 16450 2600
16450 2500 16250 2500
16450 2600 16250 2600
16450 2500 16250 2600
16200 2100 16100 2100
16300 2100 16200 2300
16100 2300 16300 2100
16290 2300 16300 2150
16600 4800 16010 4800
16600 4800 16600 6000
16700 4800 16700 6000
17200 4800 16700 4800
17700 4800 17200 6000
17500 4050 16550 4700
18000 4700 17500 6000
16250 4500 16250 4600
16450 4500 16450 4600
16450 4500 16250 4500
16450 4600 16250 4600
16450 4500 16250 4600
16200 4100 16100 4100
16300 4100 16200 4300
16100 4300 16300 4100
16290 4300 16300 4150
16010 6800 16600 6800
16600 8000 16600 6800
16700 8000 16700 6800
16700 6800 17200 6800
17200 8000 17700 6800
16550 6700 17500 6050
17500 8000 18000 6700
16250 6600 16250 6500
16450 6600 16450 6500
16250 6500 16450 6500
16250 6600 16450 6600
16250 6600 16450 6500
16100 6100 16200 6100
16200 6300 16300 6100
16300 6100 16100 6300
16300 6150 16290 6300
16010 8800 16600 8800
16600 10000 16600 8800
16700 10000 16700 8800
16700 8800 17200 8800
17200 10000 17700 8800
16550 8700 17500 8050
17500 10000 18000 8700
16250 8600 16250 8500
16450 8600 16450 8500
16250 8500 16450 8500
16250 8600 16450 8600
16250 8600 16450 8500
16100 8100 16200 8100
16200 8300 16300 8100
16300 8100 16100 8300
16300 8150 16290 8300
16600 10800 16010 10800
16600 10800 16600 12000
16700 10800 16700 12000
17200 10800 16700 10800
17700 10800 17200 12000
17500 10050 16550 10700
18000 10700 17500 12000
16250 10500 16250 10600
16450 10500 16450 10600
16450 10500 16250 10500
16450 10600 16250 10600
16450 10500 16250 10600
16200 10100 16100 10100
16300 10100 16200 10300
16100 10300 16300 10100
16290 10300 16300 10150
16600 12800 16010 12800
16600 12800 16600 14000
16700 12800 16700 14000
17200 12800 16700 12800
17700 12800 17200 14000
17500 12050 16550 12700
18000 12700 17500 14000
16250 12500 16250 12600
16450 12500 16450 12600
16450 12500 16250 12500
16450 12600 16250 12600
16450 12500 16250 12600
16200 12100 16100 12100
16300 12100 16200 12300
16100 12300 16300 12100
16290 12300 16300 12150
16010 14800 16600 14800
16600 14800 16600 16000
16700 14800 16700 16000
16700 14800 17200 14800
17200 14800 17700 16000
16550 14050 17500 14700
17500 14700 18000 16000
16250 14500 16250 14600
16450 14500 16450 14600
16250 14500 16450 14500
16250 14600 16450 14600
16250 14500 16450 14600
16100 14100 16200 14100
16200 14100 16300 14300
16300 14300 16100 14100
16300 14300 16290 14150
16600 16800 16010 16800
16600 16800 16600 18000
16700 16800 16700 18000
17200 16800 16700 16800
17700 16800 17200 18000
17500 16050 16550 16700
18000 16700 17500 18000
16250 16500 16250 16600
16450 16500 16450 16600
16450 16500 16250 16500
16450 16600 16250 16600
16450 16500 16250 16600
16200 16100 16100 16100
16300 16100 16200 16300
16100 16300 16300 16100
16290 16300 16300 16150
